0.387088
0.403578
0.392445
0.394497
0.383183
0.39441
0.40166
0.387803
0.416377
0.419503
0.400708
0.414271
0.399145
0.380969
0.389209
0.41398
0.39868
0.3916
0.408174
0.390819
0.373228
0.366341
0.362568
0.365379
0.39368
0.379038
0.389157
0.435924
0.444249
0.467771
0.456987
0.435256
0.455715
0.437889
0.397709
0.413243
0.426542
0.388011
0.388359
0.391587
0.372096
0.363123
0.36434
0.405963
0.413204
0.401917
0.417847
0.399156
0.402719
0.431104
0.428536
0.402671
0.413131
0.398321
0.424116
0.421956
0.400296
0.392525
0.381073
0.364234
0.387119
0.389509
0.430592
0.436684
0.460034
0.47972
0.410833
0.409131
0.425384
0.411849
0.394932
0.389746
0.422758
0.400943
0.43196
0.457903
0.44805
0.450374
0.469875
0.470277
0.478238
0.47389
0.468971
0.381418
0.369604
0.377329
0.392893
0.378184
0.384268
0.378851
0.382037
0.375359
0.396792
0.414334
0.403675
0.376972
0.36512
0.360397
0.367817
0.379456
0.391606
0.375375
0.386383
0.385975
0.435776
0.452276
0.457936
0.427403
0.388488
0.378758
0.404364
0.42643
0.439281
0.42381
0.415866
0.39931
0.448547
0.475474
0.474338
0.466518
0.482381
0.456741
0.399523
0.400315
0.380257
0.367719
0.361133
0.381024
0.384565
0.363797
0.361552
0.364188
0.367702
0.391522
0.410805
0.435551
0.443341
0.433649
0.443574
0.434002
0.415704
0.411891
0.416338
0.400924
0.411529
0.410863
0.406006
0.425722
0.437501
0.437297
0.432769
0.404776
0.433739
0.44868
0.445121
0.390333
0.395925
0.414576
0.403521
0.427626
0.445156
0.447685
0.459967
0.442914
0.454135
0.43499
0.442763
0.424173
0.429308
0.422506
0.449758
0.462166
0.460563
0.448956
0.428381
0.410782
0.429344
0.446441
0.440078
0.415234
0.383518
0.38286
0.432101
0.427944
0.405756
0.404175
0.400198
0.383595
0.385219
0.411577
0.419881
0.410291
0.415413
0.401439
0.3885
0.43955
0.498566
0.490441
0.505073
0.485219
0.484995
0.504209
0.502791
0.493921
0.464478
0.447585
0.458132
0.390228
0.447379
0.401587
0.367743
0.366358
0.366118
0.380046
0.39391
0.378077
0.368325
0.381144
0.393007
0.419065
0.407601
0.42313
0.398751
0.37484
0.370046
0.387506
0.393255
0.427776
0.429251
0.411746
0.385646
0.369102
0.384099
0.400709
0.386323
0.380521
0.417059
0.419154
0.43113
0.440387
0.428404
0.420874
0.421923
0.42577
0.420666
0.40001
0.394881
0.397984
0.381221
0.366365
0.396618
0.431182
0.371805
0.36389
0.368855
0.367279
0.416482
0.445095
0.469761
0.493642
0.414989
0.3803
0.36512
0.368716
0.365787
0.366418
0.404086
0.438246
0.436759
0.426395
0.424271
0.40829
0.380033
0.375628
0.39936
0.367836
0.400875
0.412439
0.394189
0.390702
0.405318
0.415446
0.457118
0.451856
0.432692
0.434947
0.41812
0.387688
0.425406
0.421808
0.444579
0.449542
0.440056
0.449791
0.446999
0.442207
0.411156
0.390893
0.410613
0.401028
0.389222
0.391534
0.401093
0.384295
0.390414
0.409499
0.447621
0.425016
0.431534
0.419208
0.427976
0.394021
0.426482
0.454847
0.473905
0.469046
0.443844
0.460757
0.483122
0.473846
0.447816
0.435719
0.430171
0.425319
0.472875
0.467121
0.503211
0.495251
0.501215
0.498549
0.462209
0.458536
0.432537
0.492287
0.476801
0.447986
0.401683
0.402221
0.449023
0.479916
0.49448
0.459584
0.388996
0.376082
0.378245
0.379484
0.405097
0.446624
0.408424
0.375426
0.371658
0.375924
0.390821
0.388637
0.379936
0.394687
0.406139
0.388872
0.411636
0.382591
0.366417
0.375839
0.398687
0.44331
0.415659
0.396432
0.430574
0.420376
0.42226
0.420541
0.427975
0.418472
0.414792
0.422609
0.396807
0.413459
0.41114
0.369528
0.364967
0.367474
0.366165
0.364988
0.369377
0.381487
0.422731
0.450384
0.435074
0.414114
0.431441
0.398609
0.403475
0.41237
0.399288
0.382173
0.385968
0.387543
0.396829
0.403277
0.415254
0.403993
0.419991
0.423596
0.383418
0.361973
0.364958
0.364075
0.374851
0.374057
0.36867
0.385017
0.423152
0.382804
0.382801
0.410794
0.433438
0.439155
0.419273
0.41829
0.485569
0.473848
0.460385
0.392726
0.391355
0.418979
0.441244
0.447254
0.456598
0.441227
0.42062
0.414039
0.450544
0.449569
0.430297
0.422294
0.448008
0.397008
0.452345
0.452863
0.406806
0.375977
0.363811
0.371458
0.369826
0.386293
0.423123
0.398198
0.377024
0.392035
0.400722
0.443044
0.427395
0.396438
0.367291
0.38224
0.409577
0.406176
0.419439
0.426248
0.437618
0.40007
0.404927
0.386606
0.411075
0.395536
0.424485
0.41522
0.376898
0.373889
0.402277
0.397796
0.428284
0.423123
0.436642
0.397558
0.405984
0.395074
0.371233
0.405868
0.443926
0.445893
0.411736
0.380922
0.402078
0.392613
0.383051
0.415187
0.394188
0.405072
0.388341
0.412742
0.430306
0.411484
0.427061
0.395622
0.392665
0.396896
0.392462
0.370504
0.368401
0.386059
0.386699
0.407821
0.38593
0.37616
0.39615
0.375955
0.362388
0.368873
0.368633
0.375686
0.419172
0.439164
0.412841
0.418771
0.374247
0.366045
0.367913
0.386523
0.445682
0.466411
0.458202
0.461351
0.450668
0.475804
0.47969
0.423521
0.415525
0.382224
0.368175
0.389376
0.42834
0.413606
0.432102
0.438601
0.440116
0.417712
0.419739
0.407743
0.44928
0.462233
0.388308
0.403315
0.384822
0.369813
0.38191
0.409766
0.380309
0.385118
0.389117
0.384366
0.380656
0.370224
0.366577
0.366884
0.375655
0.397853
0.415782
0.426248
0.404838
0.401111
0.424017
0.409906
0.416501
0.378182
0.391028
0.364753
0.376376
0.405031
0.408125
0.387056
0.41365
0.429884
0.427027
0.438341
0.411731
0.424235
0.428453
0.427502
0.466083
0.483054
0.43074
0.412798
0.388375
0.402403
0.37576
0.39807
0.432542
0.438933
0.465037
0.474137
0.460274
0.467897
0.409476
0.434566
0.448412
0.488126
0.481425
0.45343
0.468254
0.480666
0.477142
0.495413
0.458383
0.487363
0.49048
0.49168
0.482928
0.498113
0.488404
0.503617
0.520209
0.499601
0.470769
0.425404
0.431647
0.403196
0.421511
0.500597
0.483118
0.468576
0.497472
0.5033
0.50255
0.516289
0.478129
0.414597
0.407484
0.397932
0.373958
0.397542
0.400306
0.3757
0.378449
0.369895
0.372694
0.391874
0.377947
0.379809
0.384571
0.382179
0.413826
0.420344
0.412353
0.44872
0.456388
0.436237
0.432616
0.447026
0.426112
0.464654
0.43914
0.442135
0.461308
0.460287
0.508664
0.491912
0.467975
0.430574
0.386411
0.390567
0.398082
0.412738
0.421336
0.403171
0.379547
0.371626
0.377985
0.396082
0.382104
0.430364
0.452341
0.40615
0.369396
0.360471
0.367911
0.369988
0.360473
0.366398
0.368346
0.383665
0.444631
0.431854
0.447655
0.432236
0.381545
0.376166
0.371361
0.392682
0.436393
0.439917
0.444178
0.431401
0.44463
0.381417
0.36442
0.367795
0.370359
0.362429
0.361841
0.367298
0.383712
0.374614
0.398961
0.40394
0.408131
0.419444
0.446733
0.410033
0.409938
0.415327
0.405014
0.403821
0.433308
0.446872
0.437479
0.416628
0.43704
0.415215
0.443169
0.435726
0.418425
0.408329
0.442139
0.480538
0.498559
0.504894
0.506821
0.483175
0.472654
0.483374
0.486742
0.473655
0.505162
0.484239
0.473208
0.473544
0.495639
0.46047
0.432262
0.456599
0.485056
0.459806
0.44415
0.431965
0.42922
0.474577
0.484633
0.485446
0.489715
0.449831
0.508873
0.493738
0.445019
0.48826
0.475392
0.471804
0.423838
0.46456
0.45749
0.467642
0.444021
0.417913
0.39373
0.408907
0.418141
0.404321
0.404815
0.385183
0.372149
0.381993
0.380704
0.3853
0.373684
0.380984
0.400145
0.39526
0.37504
0.367295
0.386884
0.403278
0.393597
0.386959
0.37024
0.374768
0.421073
0.454053
0.440296
0.442019
0.436611
0.409856
0.432784
0.404363
0.414915
0.429175
0.446676
0.420381
0.39815
0.403877
0.394597
0.367527
0.366794
0.394711
0.446767
0.440861
0.434944
0.442351
0.435248
0.432302
0.447912
0.451724
0.40799
0.390479
0.39827
0.37931
0.384227
0.365424
0.368762
0.384543
0.40087
0.401412
0.396255
0.380619
0.390468
0.434269
0.46439
0.426555
0.369902
0.366275
0.380384
0.391947
0.378998
0.374296
0.388715
0.437269
0.474843
0.448039
0.446032
0.459894
0.457111
0.478511
0.442644
0.478159
0.478372
0.423372
0.423373
0.430651
0.409111
0.421101
0.410563
0.437188
0.466624
0.427145
0.384642
0.380611
0.371132
0.373155
0.391872
0.411375
0.412581
0.372582
0.387119
0.4361
0.466652
0.495412
0.452372
0.42697
0.44942
0.455334
0.438632
0.458289
0.425933
0.414988
0.414149
0.484639
0.447944
0.461798
0.459131
0.393388
0.376289
0.388316
0.374352
0.420686
0.449819
0.435682
0.439525
0.407715
0.386891
0.432597
0.399725
0.429665
0.425279
0.439645
0.454957
0.44004
0.425036
0.404914
0.442558
0.457914
0.416958
0.414238
0.381683
0.383486
0.394875
0.400962
0.422325
0.395832
0.421213
0.484596
0.411018
0.462913
0.469207
0.410208
0.409091
0.406313
0.492443
0.460007
0.436116
0.471485
0.499848
0.465902
0.455297
0.405524
0.411213
0.467216
0.468536
0.449433
0.459178
0.416891
0.419376
0.417656
0.391279
0.436574
0.495435
0.508543
0.479856
0.414289
0.427216
0.450002
0.402596
0.394588
0.378212
0.378688
0.39195
0.405437
0.400741
0.397266
0.405726
0.372878
0.386484
0.421066
0.450829
0.446564
0.454673
0.443932
0.424792
0.392444
0.408482
0.398545
0.427455
0.44273
0.412196
0.414139
0.382844
0.434036
0.474902
0.469593
0.448865
0.435368
0.434488
0.403486
0.367405
0.369669
0.376399
0.404222
0.402565
0.375503
0.405812
0.375913
0.372706
0.414313
0.441428
0.441557
0.473125
0.452661
0.458125
0.439533
0.382574
0.399904
0.419126
0.393607
0.407376
0.427509
0.425452
0.448556
0.45344
0.441205
0.419941
0.420974
0.431785
0.443402
0.456724
0.429291
0.42876
0.449811
0.448719
0.429424
0.429856
0.479789
0.481104
0.466881
0.435184
0.445734
0.452465
0.469186
0.452805
0.444738
0.452574
0.444929
0.458756
0.457119
0.491111
0.446581
0.49079
0.472888
0.485738
0.49735
0.44169
0.412356
0.369081
0.371962
0.404492
0.424982
0.435086
0.478147
0.476546
0.484035
0.455589
0.431745
0.404112
0.395309
0.427672
0.416989
0.407032
0.440847
0.444831
0.432413
0.445025
0.452762
0.398858
0.396323
0.382645
0.41652
0.394146
0.417897
0.440511
0.439023
0.422287
0.368845
0.374178
0.382249
0.410618
0.375179
0.393109
0.396011
0.415982
0.437652
0.44621
0.41473
0.374045
0.360235
0.36379
0.368074
0.377511
0.384383
0.384935
0.407429
0.365133
0.384017
0.419586
0.382649
0.371107
0.407247
0.385946
0.394266
0.404692
0.414533
0.49007
0.489731
0.461883
0.404198
0.412874
0.394273
0.404228
0.427313
0.438687
0.410012
0.410022
0.391227
0.442352
0.496844
0.430997
0.433915
0.471082
0.46583
0.427299
0.430227
0.453373
0.444079
0.444175
0.483142
0.429223
0.381796
0.370745
0.371118
0.371429
0.370348
0.381824
0.4306
0.4446
0.472274
0.451544
0.438428
0.442009
0.451256
0.460221
0.442583
0.406102
0.440605
0.453466
0.441712
0.481337
0.453695
0.489458
0.521132
0.513588
0.521301
0.497422
0.485425
0.479685
0.464203
0.424376
0.403216
0.393679
0.379759
0.378732
0.400735
0.411423
0.396696
0.377759
0.378196
0.387323
0.429421
0.444812
0.420012
0.383199
0.386291
0.377173
0.446786
0.493102
0.427147
0.402544
0.412838
0.403318
0.437665
0.41307
0.416515
0.426513
0.439139
0.438229
0.393825
0.427267
0.421866
0.417734
0.403063
0.370541
0.405587
0.442966
0.445567
0.47407
0.482579
0.476471
0.467876
0.443835
0.446686
0.446087
0.441146
0.418094
0.409829
0.412068
0.441493
0.41952
0.460342
0.4774
0.445963
0.429198
0.467531
0.471161
0.456357
0.471312
0.458598
0.431201
0.449444
0.42943
0.4448
0.432154
0.446999
0.407208
0.423481
0.418531
0.418303
0.3809
0.430766
0.414669
0.406367
0.379924
0.382041
0.40702
0.3949
0.393874
0.409701
0.412998
0.414498
0.434931
0.384875
0.380747
0.381773
0.395108
0.422635
0.430542
0.437652
0.448596
0.440082
0.408764
0.429425
0.46643
0.442832
0.428738
0.450656
0.454793
0.483892
0.457427
0.443582
0.459897
0.409436
0.429638
0.452327
0.457604
0.436457
0.434284
0.46113
0.48478
0.4746
0.484771
0.449332
0.415937
0.43064
0.428411
0.403721
0.415184
0.429493
0.419057
0.398161
0.399926
0.413512
0.421484
0.391249
0.366569
0.37843
0.420804
0.415998
0.427563
0.420251
0.432023
0.406957
0.414283
0.420288
0.400522
0.385744
0.384849
0.383287
0.402503
0.376024
0.377073
0.393198
0.369583
0.394577
0.38205
0.410373
0.433152
0.438629
0.451984
0.442754
0.431919
0.411103
0.382453
0.368827
0.364356
0.370246
0.383609
0.403561
0.405204
0.387693
0.375825
0.392864
0.396028
0.44043
0.485878
0.490073
0.477167
0.430302
0.386127
0.371902
0.420385
0.436879
0.421127
0.448464
0.439117
0.403175
0.389994
0.385896
0.46174
0.467493
0.480605
0.468
0.459439
0.535173
0.479043
0.439213
0.445564
0.446897
0.452726
0.433137
0.41758
0.418429
0.404826
0.423087
0.40611
0.438208
0.437592
0.443235
0.41324
0.381585
0.401483
0.405871
0.375032
0.362675
0.370538
0.370205
0.391072
0.375467
0.385055
0.400152
0.379985
0.414608
0.420835
0.378036
0.366997
0.405051
0.41419
0.444831
0.440021
0.435143
0.439691
0.450066
0.433244
0.399038
0.377148
0.410828
0.45381
0.472804
0.435861
0.377197
0.469259
0.466828
0.461233
0.455258
0.414561
0.431818
0.385662
0.400827
0.409062
0.376574
0.371977
0.374296
0.406264
0.392603
0.418389
0.449075
0.408258
0.418673
0.412861
0.417334
0.390492
0.384716
0.379743
0.391664
0.407806
0.421936
0.45638
0.445191
0.440333
0.464177
0.405277
0.377781
0.363711
0.374298
0.389711
0.369366
0.420958
0.431285
0.422126
0.434889
0.396725
0.418882
0.44116
0.454145
0.46751
0.459769
0.458794
0.450431
0.426985
0.439701
0.459145
0.476177
0.480132
0.468129
0.43684
0.442255
0.430258
0.426353
0.430842
0.449456
0.471274
0.488847
0.447932
0.460687
0.450441
0.414807
0.462784
0.474218
0.426886
0.470281
0.464377
0.439835
0.452081
0.466505
0.441518
0.439956
0.433297
0.421529
0.458959
0.470751
0.433372
0.401567
0.374725
0.398708
0.458301
0.484348
0.462142
0.493211
0.47619
0.446845
0.481512
0.472884
0.483011
0.472333
0.429987
0.430507
0.457749
0.460476
0.438762
0.431924
0.402037
0.402473
0.474212
0.49083
0.49343
0.505604
0.501161
0.515103
0.50256
0.513725
0.453022
0.442909
0.433116
0.41631
0.381063
0.42181
0.432811
0.395552
0.405091
0.41927
0.425223
0.381055
0.400875
0.446681
0.454794
0.447618
0.450463
0.450485
0.448104
0.448797
0.449432
0.438317
0.426552
0.421003
0.445156
0.445417
0.417484
0.416912
0.435738
0.390313
0.396826
0.402159
0.370836
0.371103
0.378703
0.41085
0.387432
0.371041
0.382847
0.397751
0.377516
0.368503
0.367004
0.378336
0.386945
0.413436
0.410573
0.417753
0.431475
0.41304
0.402933
0.393013
0.4056
0.371318
0.365
0.368489
0.365266
0.392417
0.37695
0.366764
0.377892
0.428526
0.433772
0.432399
0.425851
0.432494
0.401108
0.430154
0.457386
0.410575
0.406864
0.446968
0.445189
0.440818
0.450431
0.444851
0.464048
0.464982
0.455213
0.426267
0.390328
0.387587
0.419363
0.377183
0.368215
0.369118
0.37519
0.372655
0.418711
0.442804
0.447529
0.418177
0.460987
0.461589
0.472358
0.475225
0.460888
0.468318
0.478145
0.464836
0.476167
0.491033
0.51181
0.398334
0.391383
0.416337
0.444532
0.411873
0.381985
0.416949
0.384585
0.390013
0.402542
0.394467
0.417262
0.399805
0.407669
0.421813
0.413733
0.393368
0.400479
0.386004
0.399527
0.404436
0.416787
0.414499
0.404846
0.420438
0.44209
0.389096
0.377135
0.384618
0.428564
0.425166
0.431347
0.410576
0.407562
0.436363
0.423252
0.420991
0.447768
0.426671
0.400089
0.440564
0.426886
0.438608
0.449006
0.440434
0.438532
0.437034
0.432615
0.460596
0.432427
0.467752
0.467348
0.456688
0.47739
0.477527
0.468707
0.459423
0.448784
0.455515
0.420804
0.405857
0.435049
0.425705
0.399299
0.403101
0.413359
0.426652
0.446537
0.431621
0.428445
0.446636
0.452641
0.395213
0.399812
0.385138
0.386829
0.370993
0.386319
0.39541
0.370528
0.385676
0.379476
0.374537
0.367209
0.36365
0.373894
0.397544
0.414109
0.424293
0.438787
0.437298
0.433082
0.428719
0.444335
0.441195
0.429188
0.41712
0.41429
0.424098
0.399743
0.384556
0.408013
0.431436
0.397726
0.411238
0.40861
0.441898
0.43429
0.419342
0.387028
0.382985
0.387935
0.377399
0.420638
0.425762
0.423657
0.422928
0.424055
0.443615
0.404728
0.399514
0.414486
0.424606
0.404102
0.410464
0.40285
0.40824
0.41763
0.414277
0.4452
0.423367
0.43391
0.423557
0.463091
0.489326
0.429067
0.423746
0.428971
0.444766
0.457365
0.440864
0.459438
0.446779
0.437199
0.391189
0.406787
0.378241
0.376569
0.406877
0.414149
0.413442
0.417662
0.422192
0.433076
0.439788
0.430348
0.395879
0.413259
0.424063
0.412318
0.446605
0.473623
0.421346
0.439417
0.421369
0.432558
0.444377
0.428387
0.446386
0.460587
0.444277
0.453231
0.446504
0.421808
0.44131
0.474049
0.428131
0.418633
0.414839
0.412929
0.439001
0.437428
0.424934
0.431613
0.42152
0.372697
0.365189
0.358115
0.363965
0.367893
0.395711
0.388864
0.363248
0.358804
0.360003
0.367094
0.360014
0.364052
0.361341
0.36542
0.36341
0.400192
0.408611
0.396493
0.40148
0.40837
0.402234
0.406182
0.384323
0.360524
0.36044
0.366465
0.362802
0.364669
0.363639
0.380919
0.385668
0.384182
0.41488
0.442853
0.415835
0.452482
0.451179
0.407322
0.380353
0.399693
0.400619
0.393834
0.428095
0.416072
0.406476
0.409396
0.416176
0.448271
0.388218
0.369811
0.359739
0.36144
0.358989
0.371547
0.36913
0.365281
0.36751
0.365365
0.386398
0.433397
0.40777
0.44512
0.376951
0.395746
0.43949
0.412515
0.398808
0.417239
0.408378
0.456781
0.439434
0.416284
0.404745
0.384433
0.384897
0.382195
0.384195
0.370826
0.363467
0.357554
0.366119
0.367494
0.382736
0.404075
0.406341
0.398154
0.418788
0.386085
0.433339
0.448209
0.425686
0.397832
0.419734
0.390647
0.43368
0.396311
0.422566
0.418548
0.425296
0.382622
0.380335
0.417981
0.452401
0.497201
0.468514
0.508393
0.465933
0.502619
0.50965
0.491413
0.449211
0.46198
0.501482
0.500195
0.481947
0.4805
0.463381
0.470197
0.441789
0.404585
0.407836
0.419144
0.425836
0.422219
0.43355
0.451863
0.46956
0.490243
0.466711
0.486479
0.469566
0.441977
0.423125
0.47056
0.444758
0.416445
0.424869
0.446098
0.44971
0.469033
0.431055
0.44056
0.423104
0.404964
0.420163
0.474077
0.438226
0.420215
0.453669
0.445958
0.43736
0.425977
0.403464
0.394446
0.379371
0.409615
0.443461
0.458604
0.439815
0.447918
0.453272
0.45805
0.433311
0.401919
0.438231
0.408276
0.37402
0.378608
0.39306
0.403671
0.42101
0.405062
0.386812
0.394196
0.393734
0.409061
0.383436
0.383591
0.36344
0.370192
0.406968
0.406918
0.401623
0.393671
0.370815
0.363201
0.386912
0.367951
0.388491
0.377861
0.357258
0.359019
0.358513
0.382554
0.366779
0.384624
0.378637
0.366962
0.393268
0.389551
0.399678
0.37423
0.362973
0.363895
0.360736
0.368254
0.407112
0.388911
0.397344
0.406484
0.395236
0.467033
0.459748
0.473057
0.457734
0.460433
0.458377
0.443292
0.442147
0.419297
0.42619
0.462236
0.468467
0.461405
0.445506
0.426407
0.412029
0.450581
0.462002
0.445548
0.431949
0.3835
0.392022
0.374007
0.368503
0.398479
0.393255
0.428988
0.482595
0.510888
0.486527
0.511465
0.48725
0.478416
0.467196
0.483315
0.427709
0.47501
0.495802
0.450259
0.404251
0.372479
0.372551
0.382384
0.386212
0.433038
0.438065
0.458814
0.492459
0.485368
0.470873
0.459534
0.415479
0.410978
0.394759
0.40525
0.387205
0.488277
0.448611
0.392923
0.366101
0.365557
0.36728
0.413481
0.41401
0.414354
0.453024
0.437962
0.42507
0.423866
0.42245
0.439383
0.436462
0.436386
0.423549
0.396963
0.365822
0.408234
0.419403
0.43463
0.415106
0.383967
0.460366
0.45019
0.444618
0.462302
0.463753
0.425678
0.379215
0.371914
0.368926
0.373258
0.385111
0.415927
0.43698
0.422231
0.408785
0.400128
0.41119
0.404479
0.431158
0.443541
0.422133
0.42417
0.395518
0.38706
0.366296
0.373165
0.405982
0.411266
0.386838
0.415228
0.435775
0.423772
0.377925
0.377509
0.378243
0.398201
0.393369
0.434261
0.418251
0.443965
0.454433
0.426603
0.442114
0.450519
0.407235
0.385758
0.417628
0.414345
0.403106
0.396111
0.42193
0.413579
0.371489
0.405427
0.37997
0.381007
0.423948
0.409779
0.410274
0.420259
0.419414
0.406816
0.389398
0.462593
0.460175
0.423673
0.419411
0.44528
0.444307
0.431181
0.42783
0.417271
0.407802
0.37662
0.381137
0.433397
0.456071
0.480181
0.450715
0.453645
0.412298
0.437669
0.452298
0.448329
0.450274
0.434224
0.398545
0.373786
0.367452
0.379254
0.379464
0.467601
0.474037
0.495094
0.507874
0.411692
0.428136
0.47668
0.419328
0.401915
0.379891
0.397969
0.415415
0.417979
0.406168
0.396634
0.37664
0.409161
0.406196
0.424944
0.443321
0.439761
0.419757
0.410035
0.432369
0.420528
0.397285
0.408585
0.414874
0.394584
0.398596
0.414301
0.428148
0.43407
0.390051
0.443783
0.462123
0.441903
0.443487
0.478538
0.459173
0.479311
0.449179
0.391908
0.392026
0.37665
0.391685
0.456289
0.421615
0.455196
0.466025
0.438987
0.44827
0.433298
0.418274
0.403875
0.403314
0.399351
0.437825
0.429599
0.40289
0.411017
0.467568
0.427966
0.391193
0.382155
0.386475
0.395663
0.388437
0.395161
0.412918
0.380217
0.383024
0.394295
0.390455
0.392484
0.394627
0.393381
0.397998
0.4041
0.403993
0.398575
0.413581
0.43315
0.401389
0.371281
0.376032
0.392295
0.366926
0.367131
0.36587
0.375665
0.421046
0.399408
0.395608
0.402751
0.41134
0.412398
0.379966
0.395309
0.410678
0.402079
0.381529
0.395626
0.386121
0.376952
0.370114
0.372691
0.374431
0.376812
0.384473
0.379315
0.415307
0.412045
0.424596
0.448004
0.411603
0.397369
0.40221
0.38556
0.373223
0.377953
0.374701
0.359026
0.361925
0.39083
0.377843
0.357346
0.374023
0.374041
0.379728
0.383513
0.404836
0.411414
0.400307
0.382819
0.380354
0.450458
0.408804
0.424138
0.431081
0.417949
0.393091
0.405428
0.380268
0.378263
0.377583
0.370242
0.368229
0.375944
0.369314
0.372731
0.369018
0.365077
0.366859
0.369398
0.362733
0.373763
0.384128
0.383482
0.379725
0.379268
0.368767
0.367032
0.37717
0.369819
0.37216
0.410554
0.408897
0.407972
0.392975
0.373426
0.39401
0.421316
0.3864
0.40986
0.396552
0.387653
0.368052
0.384837
0.407033
0.407706
0.411969
0.407998
0.404828
0.394183
0.393737
0.373126
0.390024
0.388475
0.409358
0.400726
0.406565
0.413838
0.40825
0.384353
0.406727
0.399379
0.394516
0.399724
0.388451
0.39313
0.386973
0.388956
0.38901
0.38528
0.387614
0.384961
0.387855
0.387316
0.382696
0.388945
0.387571
0.387309
0.38098
0.389648
0.386931
0.390598
0.391167
0.387178
0.389885
0.389599
0.389679
0.391645
0.389283
0.387442
0.389105
0.393813
0.389514
0.389587
0.389195
0.389506
0.390415
0.38918
0.383553
0.389818
0.390734
0.386984
0.387771
0.387893
0.386917
0.388846
0.389417
0.389985
0.388889
0.389388
0.389315
0.389334
0.387525
0.387818
0.391677
0.388697
0.39301
0.387897
0.391593
0.388602
0.389351
0.390116
0.389376
0.389946
0.38896
0.389162
0.391141
0.388132
0.39022
0.386194
0.387068
0.38821
0.389411
0.390048
0.392307
0.386324
0.390018
0.387544
0.389417
0.386645
0.386948
0.387323
0.389679
0.390683
0.391715
0.386557
0.396762
