0.386756
0.387338
0.399665
0.407198
0.389868
0.395004
0.39389
0.395889
0.386152
0.380674
0.382381
0.406307
0.403353
0.399239
0.389836
0.387429
0.394832
0.436548
0.43117
0.41139
0.402595
0.398323
0.407838
0.419405
0.413155
0.387749
0.385094
0.377738
0.391862
0.385098
0.392265
0.43171
0.417692
0.386176
0.386223
0.396797
0.408063
0.406823
0.39803
0.384391
0.374154
0.372454
0.366537
0.366132
0.365022
0.364511
0.353813
0.372231
0.378928
0.405546
0.386657
0.374136
0.378749
0.395241
0.423788
0.438955
0.46046
0.432338
0.447615
0.475283
0.4636
0.458295
0.431218
0.44329
0.447762
0.45888
0.455259
0.427814
0.418743
0.387112
0.391352
0.427425
0.432467
0.425592
0.396685
0.381054
0.377044
0.398125
0.397226
0.391712
0.371645
0.37172
0.364067
0.363099
0.36344
0.364432
0.381771
0.413548
0.419742
0.41427
0.399318
0.403551
0.405427
0.42365
0.412177
0.400052
0.382679
0.417823
0.417058
0.434825
0.424877
0.426288
0.42737
0.398816
0.408541
0.411456
0.392176
0.39522
0.44111
0.416998
0.418386
0.417756
0.427492
0.39138
0.38447
0.391829
0.393341
0.383033
0.361623
0.35872
0.393126
0.38466
0.380322
0.393424
0.411891
0.432116
0.44136
0.441415
0.426608
0.489793
0.45839
0.488815
0.443401
0.405518
0.398348
0.415572
0.40929
0.43566
0.406435
0.414745
0.413405
0.397771
0.381876
0.387291
0.418027
0.424226
0.399397
0.399963
0.42421
0.429466
0.444553
0.460628
0.432722
0.463793
0.451527
0.449201
0.457473
0.477103
0.475429
0.470726
0.467205
0.482141
0.470949
0.468116
0.503874
0.453944
0.429298
0.374682
0.36733
0.370381
0.367359
0.379599
0.389991
0.394803
0.384914
0.376882
0.377904
0.382487
0.386298
0.375071
0.384377
0.377681
0.386755
0.370275
0.37393
0.395143
0.411282
0.421942
0.420517
0.399815
0.389127
0.379062
0.362278
0.365052
0.363037
0.363859
0.356845
0.3708
0.369019
0.385628
0.386521
0.392561
0.383055
0.373501
0.376882
0.387894
0.385253
0.384502
0.3918
0.430545
0.485339
0.464179
0.434927
0.468344
0.432832
0.438502
0.39963
0.392185
0.381326
0.377914
0.381818
0.395333
0.424558
0.43354
0.421506
0.430515
0.456107
0.408606
0.439105
0.420207
0.389373
0.394001
0.424465
0.450323
0.451052
0.475295
0.480733
0.486081
0.465572
0.471476
0.457674
0.480815
0.490768
0.453337
0.439389
0.40137
0.385237
0.401557
0.401965
0.380641
0.370075
0.369534
0.368333
0.360317
0.363536
0.376092
0.392722
0.392795
0.366689
0.365247
0.365825
0.361063
0.357861
0.365747
0.365625
0.36442
0.375114
0.390062
0.39596
0.40404
0.425329
0.431997
0.440838
0.445711
0.444571
0.436333
0.429139
0.446684
0.434749
0.433226
0.436956
0.410797
0.412732
0.416009
0.40936
0.410162
0.429191
0.390462
0.408469
0.41201
0.4096
0.416473
0.404885
0.395328
0.417758
0.421955
0.429115
0.440083
0.433257
0.428635
0.456509
0.433544
0.422906
0.396327
0.414549
0.430091
0.439261
0.464652
0.43443
0.460821
0.425092
0.396788
0.382423
0.395923
0.398022
0.412885
0.418981
0.408145
0.400847
0.433166
0.420786
0.453896
0.438606
0.433972
0.464158
0.464955
0.452303
0.435725
0.453045
0.46335
0.442005
0.430036
0.443314
0.448136
0.433942
0.416036
0.432249
0.425849
0.434107
0.416174
0.429354
0.434998
0.464961
0.462111
0.462399
0.462839
0.457877
0.458678
0.439102
0.452867
0.404839
0.419995
0.40262
0.427598
0.431093
0.445963
0.446918
0.442579
0.437548
0.429622
0.401215
0.386191
0.380805
0.376231
0.389591
0.432255
0.43195
0.414916
0.441219
0.414942
0.396535
0.407505
0.400838
0.402204
0.397992
0.393301
0.374092
0.382222
0.388175
0.406659
0.416716
0.415512
0.424183
0.412659
0.408059
0.423519
0.40802
0.401921
0.400916
0.392225
0.384959
0.423397
0.456609
0.509164
0.48832
0.512325
0.469938
0.505385
0.504758
0.494098
0.476312
0.482896
0.487079
0.510501
0.497942
0.501109
0.504449
0.501188
0.486552
0.490481
0.43867
0.445781
0.449444
0.4872
0.432
0.390472
0.389971
0.431338
0.463687
0.413982
0.390654
0.373855
0.361249
0.366264
0.366449
0.36295
0.369366
0.377514
0.382664
0.394272
0.39354
0.382022
0.374327
0.372137
0.364504
0.375709
0.386867
0.383398
0.402791
0.435964
0.402782
0.408288
0.406902
0.41913
0.427188
0.410047
0.388985
0.3817
0.367933
0.36554
0.374295
0.366958
0.4067
0.391047
0.395436
0.42452
0.431223
0.438789
0.419928
0.42159
0.401871
0.382317
0.389116
0.366709
0.371333
0.383113
0.385098
0.404386
0.397168
0.399133
0.373711
0.378706
0.38246
0.422527
0.411747
0.421625
0.41668
0.441254
0.421135
0.440159
0.440609
0.435978
0.420952
0.428638
0.412933
0.420318
0.423572
0.42433
0.427224
0.422147
0.419217
0.4112
0.389095
0.392068
0.397748
0.391192
0.404581
0.391425
0.37081
0.360501
0.371854
0.389041
0.405116
0.402565
0.460367
0.376679
0.366883
0.3606
0.367179
0.374359
0.363265
0.362942
0.371368
0.397023
0.43942
0.453253
0.436992
0.460232
0.479287
0.504351
0.483112
0.426585
0.40443
0.384564
0.375847
0.367823
0.362532
0.370245
0.36723
0.363538
0.367976
0.366219
0.366616
0.383467
0.426361
0.446218
0.430347
0.426709
0.446708
0.443849
0.409114
0.445555
0.404266
0.397569
0.418886
0.383332
0.376829
0.373444
0.37783
0.397861
0.400772
0.373596
0.362295
0.384948
0.418838
0.408168
0.416652
0.408826
0.379798
0.377997
0.403875
0.397581
0.412759
0.422136
0.408868
0.446686
0.46762
0.450129
0.453589
0.441749
0.423564
0.448739
0.421478
0.440255
0.396977
0.382342
0.393268
0.423596
0.427262
0.431468
0.412502
0.419248
0.470674
0.442089
0.457203
0.433902
0.446071
0.437414
0.462493
0.450555
0.443477
0.451386
0.43275
0.416306
0.40574
0.383607
0.398067
0.401549
0.419966
0.391113
0.411089
0.392455
0.385935
0.401948
0.381157
0.399014
0.403226
0.384755
0.383813
0.384664
0.395995
0.415028
0.404012
0.446877
0.448366
0.421374
0.428785
0.443798
0.418867
0.419512
0.418898
0.423985
0.431885
0.382755
0.406459
0.408295
0.445101
0.434298
0.477723
0.474227
0.473582
0.479646
0.45884
0.451257
0.436738
0.458695
0.462738
0.490036
0.476244
0.4789
0.468716
0.478481
0.418362
0.41228
0.460146
0.432542
0.427832
0.412332
0.438718
0.467124
0.478584
0.460417
0.474114
0.51037
0.496168
0.490514
0.49996
0.485669
0.51704
0.500407
0.49669
0.45735
0.467148
0.466693
0.450359
0.423893
0.44101
0.477972
0.506647
0.494686
0.459013
0.461547
0.435026
0.401863
0.401508
0.399944
0.4045
0.434423
0.463652
0.466288
0.49362
0.504994
0.483947
0.481395
0.439156
0.402954
0.375165
0.373306
0.378972
0.379303
0.377246
0.373088
0.385891
0.388583
0.421977
0.442743
0.450647
0.426704
0.39097
0.379049
0.371843
0.370368
0.373009
0.369631
0.381783
0.394997
0.386609
0.395852
0.381513
0.376189
0.383747
0.387804
0.401609
0.410977
0.401438
0.390502
0.387232
0.413962
0.409523
0.386547
0.378331
0.364544
0.368366
0.377951
0.373549
0.381505
0.41516
0.447995
0.438627
0.426578
0.405421
0.39023
0.402998
0.425918
0.435064
0.411846
0.42948
0.437401
0.407989
0.410068
0.431869
0.441729
0.414793
0.412174
0.424915
0.406045
0.423898
0.422094
0.423136
0.399551
0.394094
0.413115
0.413811
0.430147
0.394691
0.372144
0.367009
0.368094
0.361836
0.36635
0.36864
0.367982
0.364255
0.364284
0.365691
0.367137
0.371636
0.377226
0.385936
0.399595
0.44642
0.451479
0.449278
0.437836
0.432317
0.424403
0.403714
0.43219
0.430668
0.398092
0.399106
0.394953
0.411986
0.411413
0.413353
0.41566
0.384891
0.37847
0.385948
0.389445
0.382648
0.3888
0.386251
0.40244
0.391476
0.393998
0.41364
0.421586
0.409177
0.392922
0.415336
0.403175
0.436593
0.416627
0.430375
0.396488
0.370941
0.366134
0.35756
0.362768
0.367137
0.363983
0.364165
0.371133
0.37875
0.389591
0.358564
0.368956
0.368387
0.373189
0.396062
0.424682
0.421664
0.385141
0.380341
0.37716
0.388612
0.40226
0.419661
0.420171
0.447435
0.443029
0.435235
0.432189
0.406768
0.399813
0.436454
0.478666
0.492433
0.447233
0.501026
0.465706
0.455111
0.406021
0.378477
0.389349
0.393456
0.419535
0.418475
0.430897
0.45223
0.444445
0.450151
0.46402
0.448899
0.436503
0.446084
0.426091
0.41484
0.40343
0.425115
0.43381
0.46738
0.455206
0.444078
0.418543
0.442582
0.409967
0.434539
0.446451
0.449541
0.40433
0.390106
0.43425
0.470796
0.468678
0.437213
0.418206
0.395013
0.385907
0.365863
0.365298
0.362357
0.364612
0.378091
0.372312
0.367344
0.367461
0.405152
0.42
0.426225
0.406856
0.389059
0.38093
0.37308
0.385036
0.398892
0.387349
0.413286
0.451509
0.434659
0.435758
0.41919
0.412036
0.381619
0.367678
0.366913
0.374465
0.389752
0.401516
0.417647
0.424301
0.388283
0.403377
0.436357
0.432951
0.41959
0.452383
0.423641
0.391458
0.408517
0.412722
0.397392
0.381437
0.391633
0.428545
0.394318
0.396867
0.394204
0.417629
0.431755
0.437358
0.395131
0.381409
0.372446
0.372138
0.375714
0.396646
0.407822
0.396362
0.399273
0.426961
0.429565
0.410863
0.435747
0.449049
0.423859
0.404831
0.390316
0.391899
0.419979
0.411445
0.379689
0.369407
0.372994
0.390055
0.421996
0.444171
0.443669
0.452973
0.438936
0.430533
0.393601
0.378119
0.383666
0.39494
0.409272
0.405756
0.379681
0.382074
0.384031
0.420083
0.409251
0.391598
0.396532
0.404451
0.40571
0.39399
0.383168
0.397138
0.428366
0.440164
0.420964
0.404001
0.41911
0.426956
0.427156
0.408623
0.382774
0.392799
0.392538
0.39427
0.399625
0.39202
0.392898
0.373247
0.367792
0.368128
0.368659
0.37885
0.393659
0.390037
0.383402
0.403244
0.413399
0.395117
0.376699
0.368038
0.38374
0.405717
0.386846
0.381069
0.370368
0.363474
0.361275
0.363851
0.373939
0.374028
0.363304
0.371966
0.379549
0.407749
0.430832
0.43769
0.440644
0.416779
0.40912
0.417652
0.419828
0.380861
0.367281
0.365894
0.366186
0.366012
0.369798
0.378359
0.394714
0.43467
0.45684
0.450364
0.482114
0.47065
0.44539
0.474703
0.447701
0.451199
0.450134
0.485317
0.466273
0.490816
0.468532
0.434052
0.413129
0.421231
0.409919
0.390869
0.374329
0.367026
0.369325
0.386465
0.392585
0.434186
0.422565
0.403051
0.424459
0.444147
0.420074
0.423987
0.454367
0.448793
0.431801
0.410768
0.424845
0.427576
0.412702
0.405732
0.409633
0.432996
0.466071
0.496675
0.42911
0.390044
0.386502
0.407037
0.399816
0.393171
0.37618
0.367326
0.372256
0.380993
0.382771
0.409174
0.410378
0.377594
0.383035
0.392492
0.37771
0.382792
0.395383
0.389676
0.379144
0.381556
0.379682
0.371842
0.368646
0.36223
0.370776
0.367839
0.365972
0.369182
0.382115
0.399263
0.396466
0.410396
0.421027
0.428085
0.424317
0.409481
0.400394
0.404603
0.397613
0.425014
0.423017
0.411158
0.408649
0.418302
0.414673
0.37998
0.376362
0.394457
0.38766
0.366747
0.362763
0.372262
0.380433
0.393596
0.415883
0.416936
0.399667
0.38876
0.385335
0.409179
0.418059
0.437337
0.42231
0.424488
0.429597
0.436428
0.440339
0.416146
0.406875
0.41802
0.430336
0.419287
0.438038
0.437192
0.418241
0.438917
0.49382
0.473923
0.491927
0.446323
0.414879
0.424096
0.401708
0.392051
0.384742
0.421316
0.384831
0.376031
0.375493
0.367051
0.429588
0.454569
0.414521
0.457852
0.420202
0.460687
0.46946
0.494088
0.455198
0.468253
0.452515
0.475106
0.460748
0.415774
0.403047
0.404646
0.468902
0.435267
0.462265
0.48598
0.490285
0.496459
0.466634
0.440103
0.466657
0.458272
0.478141
0.48857
0.472959
0.481978
0.472266
0.503147
0.487541
0.459969
0.456819
0.487264
0.48746
0.485685
0.495409
0.493684
0.48969
0.476016
0.489989
0.491937
0.504331
0.484169
0.492651
0.496616
0.510586
0.517393
0.522949
0.503853
0.495375
0.484066
0.457675
0.435197
0.415957
0.4204
0.444129
0.402209
0.404191
0.403702
0.439429
0.499627
0.501567
0.466362
0.500186
0.455533
0.481675
0.496926
0.498012
0.523386
0.483461
0.498224
0.506815
0.514469
0.518088
0.477021
0.479188
0.4222
0.406113
0.408431
0.406488
0.408746
0.387706
0.378456
0.369216
0.397897
0.397194
0.410462
0.390139
0.378466
0.37288
0.379671
0.377217
0.368679
0.371085
0.362096
0.382936
0.375702
0.407356
0.381725
0.374118
0.380694
0.378858
0.390402
0.37924
0.379212
0.385166
0.4112
0.416403
0.427513
0.413203
0.409094
0.415785
0.429444
0.468352
0.482126
0.430871
0.443873
0.429075
0.42607
0.438898
0.455375
0.438944
0.422531
0.429816
0.445759
0.4843
0.454217
0.423672
0.453868
0.430786
0.477441
0.445841
0.456497
0.464059
0.509769
0.507539
0.484748
0.499084
0.463441
0.472617
0.456621
0.405413
0.396464
0.376603
0.380382
0.400617
0.406993
0.389168
0.407031
0.418897
0.431522
0.411172
0.412219
0.394275
0.384724
0.374435
0.367752
0.375485
0.384776
0.371007
0.390473
0.401786
0.377003
0.387061
0.415307
0.445572
0.447746
0.456962
0.412852
0.399663
0.370972
0.367815
0.362631
0.35824
0.36179
0.374034
0.371607
0.368481
0.359437
0.361549
0.368068
0.364759
0.362873
0.373586
0.380971
0.386291
0.441917
0.447372
0.439421
0.424214
0.448872
0.446415
0.434066
0.430394
0.393563
0.368825
0.378679
0.37377
0.37127
0.371489
0.380355
0.405532
0.428987
0.443781
0.43984
0.439984
0.441839
0.446501
0.441319
0.421858
0.446664
0.442708
0.396264
0.3654
0.365524
0.363273
0.360028
0.375848
0.371367
0.36935
0.36285
0.362024
0.368237
0.355043
0.362925
0.3714
0.385671
0.381788
0.379971
0.3691
0.380643
0.417743
0.404967
0.402896
0.406184
0.410026
0.412219
0.426889
0.44534
0.4482
0.410711
0.409329
0.411717
0.408117
0.40517
0.426315
0.419202
0.391399
0.409608
0.397823
0.425604
0.440928
0.449854
0.443879
0.424357
0.451156
0.416791
0.416458
0.431298
0.442874
0.413603
0.416757
0.45159
0.43427
0.431677
0.439734
0.419288
0.417563
0.423884
0.39389
0.414692
0.472358
0.461558
0.499719
0.497665
0.499474
0.505864
0.503936
0.499079
0.514593
0.478002
0.488482
0.480007
0.465321
0.479078
0.487775
0.50195
0.471476
0.470056
0.477189
0.507028
0.503323
0.472184
0.496466
0.473675
0.472724
0.471777
0.47536
0.475692
0.516036
0.487059
0.434321
0.426775
0.437838
0.463807
0.449124
0.481288
0.488814
0.461955
0.457613
0.440564
0.447702
0.438145
0.425931
0.434829
0.423787
0.457329
0.492112
0.487565
0.481734
0.498592
0.47215
0.495184
0.484397
0.434706
0.466109
0.502985
0.514778
0.494443
0.493021
0.429198
0.461107
0.486813
0.489678
0.477232
0.473596
0.469563
0.474058
0.415697
0.432544
0.468767
0.460261
0.457151
0.457827
0.470405
0.464868
0.445743
0.442295
0.426021
0.41093
0.404273
0.381335
0.402802
0.414471
0.415822
0.420683
0.407778
0.401486
0.411
0.397533
0.399932
0.374291
0.36946
0.374192
0.378268
0.384074
0.382179
0.380071
0.394624
0.376281
0.378851
0.365419
0.385032
0.379302
0.387151
0.40782
0.401946
0.392201
0.381071
0.371279
0.364154
0.370591
0.368675
0.399254
0.408529
0.397166
0.398477
0.390463
0.396115
0.38184
0.37669
0.365994
0.371767
0.374302
0.398275
0.426825
0.466727
0.452819
0.447258
0.430704
0.438057
0.447052
0.450237
0.424327
0.399709
0.417119
0.441265
0.42833
0.425494
0.390654
0.389617
0.425235
0.427133
0.441948
0.432114
0.446985
0.431013
0.427397
0.394154
0.398494
0.40012
0.416198
0.395597
0.392574
0.376805
0.369313
0.357705
0.367888
0.37931
0.399906
0.429852
0.442674
0.466355
0.440997
0.42376
0.435604
0.438137
0.443546
0.43253
0.450289
0.425187
0.431846
0.439386
0.451521
0.446613
0.468422
0.406535
0.410828
0.39354
0.398518
0.389158
0.401387
0.392192
0.376166
0.379676
0.388965
0.370723
0.361819
0.371137
0.368543
0.366996
0.382735
0.407689
0.400343
0.390876
0.393828
0.420688
0.393947
0.387595
0.379724
0.376565
0.392902
0.419784
0.441168
0.431836
0.467573
0.466495
0.43038
0.382714
0.36808
0.366459
0.366422
0.367509
0.378782
0.394862
0.390238
0.392698
0.375065
0.373683
0.374222
0.37666
0.387828
0.413691
0.433329
0.452676
0.486381
0.448464
0.481388
0.411265
0.474037
0.44525
0.465138
0.450438
0.452039
0.474412
0.461706
0.48902
0.453476
0.423944
0.487996
0.487806
0.482527
0.449516
0.426329
0.412461
0.422825
0.432396
0.44145
0.4148
0.412661
0.398248
0.415477
0.438288
0.415383
0.399302
0.437392
0.451788
0.471112
0.458637
0.441837
0.395754
0.383443
0.381189
0.382122
0.377477
0.372319
0.371652
0.375725
0.373157
0.393385
0.392765
0.401022
0.438044
0.424091
0.383135
0.372111
0.373598
0.380317
0.401024
0.432685
0.452256
0.457642
0.485421
0.496639
0.488708
0.42787
0.468383
0.419865
0.438957
0.440198
0.461132
0.448807
0.464656
0.434844
0.434943
0.443984
0.483389
0.419351
0.421133
0.434796
0.389243
0.387783
0.459866
0.486432
0.473372
0.43709
0.459901
0.460146
0.470217
0.486769
0.423459
0.399284
0.382881
0.373454
0.380675
0.396676
0.377288
0.37351
0.375486
0.409674
0.442402
0.448187
0.448482
0.432854
0.441667
0.441636
0.434656
0.423162
0.387616
0.376874
0.399673
0.430341
0.434451
0.409481
0.389689
0.420966
0.440689
0.432549
0.417166
0.432648
0.448456
0.457934
0.451604
0.442826
0.43652
0.427715
0.422495
0.413894
0.396309
0.449817
0.435925
0.460683
0.455557
0.395749
0.441053
0.439196
0.391965
0.380761
0.381099
0.383293
0.38517
0.379718
0.405238
0.41556
0.389315
0.416261
0.428482
0.390169
0.400445
0.417514
0.418191
0.490532
0.480847
0.4221
0.405501
0.429932
0.488618
0.517077
0.439295
0.405894
0.411228
0.408179
0.410373
0.412129
0.396841
0.47998
0.49678
0.488587
0.449605
0.402831
0.454261
0.475553
0.471096
0.493273
0.50449
0.449688
0.47771
0.495839
0.43749
0.404751
0.405976
0.407466
0.410245
0.443249
0.481814
0.479034
0.462306
0.447141
0.451592
0.458867
0.452401
0.43665
0.411846
0.421118
0.415868
0.434194
0.408014
0.389266
0.394636
0.404118
0.452618
0.471676
0.508617
0.512213
0.507749
0.504093
0.474951
0.437036
0.402221
0.39655
0.436202
0.480341
0.44322
0.407169
0.402136
0.401004
0.396263
0.378279
0.377212
0.379041
0.377924
0.380217
0.39024
0.416734
0.399489
0.407739
0.396769
0.398616
0.403901
0.412408
0.399433
0.378679
0.368236
0.378649
0.384414
0.398106
0.415231
0.464684
0.450417
0.438905
0.441397
0.466349
0.450004
0.433693
0.452122
0.459789
0.420523
0.385653
0.391048
0.418011
0.40454
0.398351
0.397692
0.405756
0.42577
0.447671
0.437345
0.431073
0.415671
0.429602
0.41126
0.383753
0.381875
0.390538
0.437337
0.466564
0.473703
0.482384
0.471601
0.462493
0.446726
0.441933
0.42986
0.422826
0.434806
0.450307
0.406753
0.371564
0.368801
0.362397
0.372983
0.367138
0.374291
0.382155
0.402644
0.42306
0.409483
0.377113
0.37438
0.382527
0.406058
0.410491
0.370949
0.366122
0.370334
0.382929
0.408597
0.443018
0.443498
0.427354
0.439988
0.448384
0.473078
0.494075
0.447433
0.433914
0.448687
0.478364
0.447432
0.414519
0.384309
0.377657
0.410596
0.389054
0.432776
0.407022
0.391029
0.40391
0.420836
0.386632
0.427448
0.439881
0.438959
0.417862
0.447021
0.451652
0.444523
0.462974
0.457648
0.421024
0.429704
0.406674
0.42948
0.404977
0.436825
0.432239
0.446028
0.446445
0.449995
0.464868
0.43241
0.422103
0.406563
0.453814
0.43933
0.462075
0.454998
0.444424
0.431981
0.419852
0.41692
0.452091
0.484231
0.478169
0.479925
0.475488
0.475963
0.459009
0.431553
0.435133
0.445795
0.451081
0.459682
0.440899
0.464287
0.479294
0.451826
0.450262
0.442447
0.446743
0.446331
0.459834
0.44229
0.446101
0.464848
0.453394
0.454382
0.460209
0.492044
0.491329
0.432264
0.461835
0.49509
0.485893
0.486769
0.459628
0.485892
0.486121
0.494413
0.500239
0.446056
0.437471
0.435647
0.390767
0.373313
0.36475
0.37292
0.370984
0.383792
0.426623
0.434677
0.415645
0.425988
0.444319
0.470215
0.485972
0.476927
0.476156
0.495406
0.473202
0.452832
0.458407
0.449273
0.415772
0.409302
0.398838
0.396517
0.394136
0.434382
0.421267
0.415812
0.418184
0.407821
0.40625
0.433992
0.447914
0.459164
0.430386
0.435047
0.429991
0.456914
0.43338
0.438137
0.467679
0.408726
0.38845
0.400998
0.391714
0.382197
0.383127
0.425509
0.407557
0.40073
0.387808
0.403817
0.432597
0.446834
0.434092
0.439793
0.438234
0.438718
0.405685
0.377647
0.359906
0.362542
0.385305
0.375999
0.388654
0.41462
0.4065
0.382827
0.36739
0.393585
0.392642
0.383243
0.409494
0.418493
0.413397
0.440134
0.435147
0.440621
0.451919
0.426427
0.40328
0.379894
0.368453
0.357776
0.362531
0.363443
0.364137
0.365046
0.371258
0.37252
0.38248
0.396108
0.373125
0.383204
0.386509
0.42579
0.390056
0.36198
0.368265
0.373461
0.394272
0.405481
0.43491
0.392228
0.373065
0.366176
0.376048
0.382669
0.432193
0.397591
0.373515
0.397206
0.391461
0.399464
0.410159
0.411402
0.417677
0.463747
0.518082
0.485203
0.494412
0.448485
0.475782
0.415407
0.393004
0.392192
0.43503
0.408158
0.380026
0.388617
0.420409
0.433853
0.420536
0.436114
0.44126
0.41052
0.409518
0.427765
0.392545
0.385893
0.396374
0.430304
0.454433
0.496775
0.496912
0.451184
0.410301
0.423519
0.44467
0.45398
0.488314
0.468854
0.462817
0.435063
0.419726
0.425098
0.435415
0.443767
0.462986
0.455626
0.432676
0.427687
0.461697
0.470757
0.495734
0.455394
0.404304
0.381054
0.382509
0.371497
0.369998
0.366492
0.375755
0.374334
0.368492
0.371085
0.369577
0.374293
0.389896
0.413139
0.447674
0.45228
0.437404
0.478685
0.465933
0.458289
0.444609
0.446671
0.430135
0.463594
0.420929
0.447215
0.455374
0.472827
0.447853
0.463967
0.421393
0.397297
0.414781
0.433356
0.447667
0.458304
0.448676
0.434783
0.448704
0.474312
0.488559
0.458726
0.448558
0.468019
0.511279
0.517577
0.524772
0.514782
0.512427
0.524201
0.518404
0.486344
0.508749
0.484022
0.486819
0.484629
0.474789
0.467231
0.461076
0.426779
0.422064
0.420253
0.388921
0.404552
0.383056
0.378839
0.38067
0.374348
0.383208
0.404279
0.397109
0.424554
0.399698
0.401203
0.392463
0.383967
0.371513
0.377112
0.379272
0.381961
0.392518
0.424545
0.434131
0.449244
0.440424
0.43289
0.406984
0.391871
0.373986
0.382938
0.390098
0.374505
0.37979
0.403223
0.496076
0.488967
0.497163
0.427814
0.426468
0.405436
0.399718
0.410806
0.414891
0.405427
0.401167
0.433175
0.442239
0.415917
0.41015
0.40945
0.423615
0.430973
0.422264
0.446006
0.432392
0.427727
0.448748
0.400718
0.386381
0.404454
0.451561
0.448705
0.398785
0.393546
0.446697
0.427076
0.380387
0.371265
0.369841
0.378821
0.433103
0.450368
0.435433
0.439195
0.452053
0.463893
0.484317
0.494012
0.471511
0.463941
0.489165
0.466795
0.468941
0.443277
0.444405
0.44909
0.444372
0.452982
0.439139
0.434837
0.447577
0.423243
0.413214
0.412797
0.407014
0.403037
0.420953
0.433278
0.449816
0.427537
0.411933
0.452695
0.467903
0.472619
0.482234
0.461631
0.430493
0.414842
0.443528
0.451218
0.484169
0.482672
0.459819
0.471356
0.440659
0.474398
0.468326
0.451204
0.465936
0.433627
0.428741
0.443116
0.455808
0.435507
0.423704
0.448771
0.440841
0.44108
0.423363
0.437277
0.457117
0.399347
0.415142
0.441719
0.405679
0.40841
0.428285
0.437797
0.399711
0.380652
0.381133
0.420219
0.441231
0.43946
0.391088
0.396751
0.416311
0.38379
0.376215
0.381247
0.382794
0.393215
0.421384
0.410692
0.37906
0.382808
0.405433
0.40622
0.413352
0.417835
0.40819
0.417556
0.411709
0.415175
0.455237
0.381323
0.388546
0.374276
0.387449
0.388701
0.375236
0.380411
0.40974
0.419913
0.42547
0.410581
0.451026
0.44124
0.433886
0.445042
0.452176
0.450874
0.429701
0.422111
0.395476
0.422025
0.437167
0.461859
0.471056
0.453393
0.432509
0.429142
0.428349
0.43513
0.466701
0.469216
0.441003
0.490086
0.47779
0.478407
0.438481
0.432747
0.454746
0.476035
0.44363
0.420317
0.398722
0.421755
0.437631
0.433536
0.472342
0.466511
0.448612
0.446756
0.42628
0.430708
0.437774
0.443503
0.479466
0.490842
0.478919
0.471757
0.477443
0.491443
0.477891
0.460546
0.437603
0.428127
0.404223
0.42559
0.436126
0.4417
0.415524
0.407506
0.400067
0.395985
0.43408
0.427011
0.431756
0.432181
0.405923
0.397262
0.399045
0.396797
0.402848
0.401796
0.426046
0.423593
0.419416
0.404999
0.378305
0.370174
0.362613
0.366846
0.390192
0.409722
0.431797
0.415471
0.416517
0.427827
0.427278
0.412609
0.427679
0.431751
0.43227
0.400981
0.412473
0.407922
0.42059
0.426736
0.414115
0.403318
0.397676
0.376273
0.395093
0.380302
0.389167
0.380206
0.386261
0.401241
0.403779
0.381296
0.370402
0.372843
0.381139
0.405422
0.381646
0.372526
0.36668
0.383056
0.406472
0.389816
0.374683
0.39349
0.429418
0.4297
0.436494
0.431451
0.445817
0.4459
0.458115
0.446454
0.439096
0.442255
0.421634
0.419353
0.403282
0.391014
0.37459
0.36839
0.369258
0.362192
0.366521
0.355749
0.38319
0.382106
0.385066
0.39611
0.410667
0.397672
0.412853
0.398365
0.377048
0.371171
0.380307
0.398567
0.387227
0.386406
0.406124
0.446143
0.434475
0.469335
0.502675
0.493364
0.486832
0.493849
0.461006
0.44132
0.420015
0.396516
0.376265
0.369317
0.374334
0.401765
0.439876
0.436836
0.436923
0.418628
0.423521
0.444644
0.452329
0.435046
0.443175
0.418424
0.387072
0.393812
0.386282
0.383746
0.387997
0.453866
0.470052
0.458372
0.476767
0.477092
0.484119
0.498455
0.440554
0.398597
0.53099
0.541669
0.528729
0.541808
0.422357
0.40616
0.475554
0.44964
0.441258
0.461465
0.432118
0.456273
0.449036
0.448682
0.418094
0.412702
0.42249
0.418173
0.418696
0.405512
0.40413
0.432795
0.413497
0.40026
0.411833
0.435279
0.441142
0.439355
0.435809
0.45172
0.434952
0.414683
0.411804
0.388656
0.374635
0.386184
0.417504
0.417588
0.39406
0.385688
0.363982
0.363151
0.362193
0.369766
0.371288
0.370584
0.369818
0.382589
0.400395
0.383566
0.366526
0.385877
0.384225
0.417971
0.381966
0.379082
0.380909
0.40103
0.429052
0.434826
0.407732
0.38494
0.370607
0.365241
0.368714
0.389162
0.421676
0.407731
0.420638
0.445266
0.444408
0.447665
0.432472
0.441962
0.428253
0.439055
0.440325
0.439189
0.461022
0.423758
0.443543
0.408661
0.389532
0.372364
0.381969
0.400559
0.420866
0.426072
0.48264
0.489296
0.45666
0.467501
0.407906
0.372077
0.382056
0.464594
0.473664
0.448178
0.484787
0.443241
0.479593
0.468631
0.44482
0.409299
0.416011
0.456458
0.411432
0.390694
0.382776
0.389449
0.408772
0.417895
0.403817
0.376939
0.376285
0.372222
0.370873
0.368064
0.37895
0.404599
0.407293
0.394185
0.391262
0.408592
0.42404
0.451313
0.448056
0.4268
0.395391
0.398442
0.433661
0.414209
0.409385
0.441818
0.402021
0.390806
0.390054
0.389827
0.382799
0.376822
0.383216
0.386842
0.390021
0.407082
0.41072
0.393304
0.433116
0.454171
0.460087
0.467413
0.424958
0.45781
0.432565
0.45105
0.467257
0.437941
0.39355
0.38275
0.376089
0.368062
0.362875
0.362311
0.376521
0.399791
0.384866
0.373475
0.365467
0.385206
0.433629
0.436863
0.433999
0.41898
0.420486
0.44455
0.435705
0.405175
0.395026
0.395883
0.429575
0.412825
0.450445
0.464118
0.462298
0.463471
0.45628
0.469278
0.467956
0.448852
0.463864
0.413385
0.472697
0.456035
0.429197
0.408311
0.44221
0.477776
0.459306
0.448333
0.4933
0.468979
0.484837
0.476356
0.466528
0.440968
0.437886
0.445041
0.435394
0.44286
0.425527
0.439611
0.420754
0.422578
0.420843
0.445547
0.459953
0.463468
0.459214
0.485279
0.491543
0.471771
0.459961
0.431304
0.464529
0.470616
0.44851
0.414625
0.397034
0.461569
0.455991
0.482716
0.465297
0.463904
0.416384
0.467088
0.47546
0.453085
0.446456
0.464972
0.442326
0.448747
0.452372
0.441581
0.48247
0.448882
0.4365
0.443869
0.450359
0.434325
0.430482
0.423549
0.41821
0.435651
0.460426
0.47398
0.474347
0.454093
0.429331
0.436803
0.404432
0.383065
0.373123
0.377642
0.386842
0.424334
0.439261
0.485573
0.49926
0.473954
0.471361
0.451807
0.481046
0.498609
0.481272
0.485598
0.456273
0.423884
0.486066
0.481511
0.467808
0.482494
0.484791
0.481827
0.466165
0.47951
0.438758
0.405067
0.426032
0.449567
0.463381
0.446443
0.464256
0.454105
0.418348
0.462267
0.449163
0.412566
0.404937
0.396018
0.393334
0.413879
0.464993
0.487393
0.49421
0.489481
0.487655
0.496236
0.511963
0.499507
0.505971
0.498653
0.51276
0.51746
0.518195
0.486527
0.523902
0.502826
0.468044
0.438259
0.425378
0.462888
0.425677
0.440343
0.438674
0.395027
0.382007
0.380047
0.39849
0.44473
0.44187
0.423575
0.396806
0.394245
0.411392
0.398391
0.404913
0.434606
0.437029
0.414136
0.38707
0.37541
0.383784
0.41922
0.442507
0.450931
0.467555
0.443516
0.442737
0.452498
0.451778
0.449066
0.450468
0.45051
0.446514
0.449699
0.4481
0.449479
0.445243
0.45378
0.455796
0.421358
0.434101
0.418921
0.429228
0.412857
0.428292
0.46288
0.444083
0.446789
0.418369
0.416624
0.415068
0.418729
0.413997
0.45911
0.391271
0.389325
0.396082
0.397558
0.403266
0.401031
0.374615
0.367056
0.367967
0.374344
0.374135
0.383196
0.412302
0.409304
0.392051
0.382726
0.373143
0.368876
0.370099
0.395453
0.402016
0.393228
0.376485
0.378516
0.369949
0.367146
0.36469
0.369191
0.381969
0.374387
0.375521
0.397991
0.410741
0.416172
0.409433
0.411709
0.405251
0.430208
0.44233
0.42004
0.419813
0.406502
0.418619
0.387178
0.400384
0.385818
0.407334
0.403918
0.374886
0.367914
0.366995
0.362912
0.372763
0.363957
0.365692
0.364874
0.388274
0.396703
0.380329
0.373579
0.36258
0.370641
0.37489
0.380896
0.420816
0.436763
0.435188
0.432395
0.43154
0.433295
0.434955
0.416705
0.426352
0.438936
0.415578
0.386819
0.419148
0.441478
0.459836
0.455004
0.409861
0.411272
0.372608
0.443417
0.424699
0.469555
0.44981
0.44066
0.433874
0.447876
0.434461
0.46695
0.440139
0.449635
0.462869
0.465244
0.456139
0.473889
0.481184
0.430861
0.425107
0.427547
0.392398
0.388235
0.384035
0.391011
0.41237
0.426815
0.382962
0.371386
0.36689
0.369542
0.367558
0.370681
0.381505
0.36888
0.366743
0.378527
0.40869
0.42887
0.435128
0.450548
0.459498
0.435977
0.429508
0.406904
0.467638
0.454204
0.467962
0.45555
0.460817
0.484177
0.483035
0.46733
0.464501
0.457246
0.453672
0.482933
0.490169
0.466599
0.454772
0.474809
0.475315
0.477024
0.483614
0.498511
0.521743
0.502076
0.40789
0.388806
0.391669
0.391105
0.404943
0.428373
0.453367
0.43554
0.413949
0.409847
0.383674
0.380432
0.418004
0.415716
0.388439
0.380922
0.385896
0.394143
0.418186
0.386145
0.381004
0.408991
0.426757
0.40744
0.407277
0.392526
0.402537
0.41343
0.446021
0.398784
0.416754
0.410836
0.395241
0.391527
0.410531
0.390862
0.386235
0.385784
0.404047
0.394824
0.405225
0.403663
0.415864
0.417673
0.414513
0.414486
0.409734
0.400167
0.414165
0.426843
0.441812
0.442362
0.397764
0.380124
0.382493
0.37155
0.373399
0.395854
0.432884
0.424331
0.427648
0.42275
0.422627
0.440029
0.403688
0.417273
0.409898
0.405499
0.441517
0.43134
0.416141
0.430642
0.425748
0.41646
0.446624
0.448928
0.443638
0.410272
0.400657
0.399505
0.438257
0.442933
0.429194
0.424541
0.425583
0.451358
0.448064
0.449931
0.436135
0.444828
0.441067
0.436086
0.443859
0.430378
0.4202
0.445047
0.482912
0.438937
0.434756
0.430129
0.45989
0.475736
0.462689
0.472207
0.467718
0.445774
0.468631
0.48609
0.476158
0.478928
0.479287
0.458466
0.451614
0.467254
0.447648
0.449931
0.456157
0.45489
0.451332
0.393746
0.401776
0.410061
0.422912
0.447507
0.427221
0.424278
0.395385
0.40318
0.40474
0.401357
0.407501
0.419139
0.436338
0.4161
0.449117
0.44397
0.437266
0.425964
0.421143
0.436008
0.440928
0.452388
0.472803
0.432744
0.398662
0.391731
0.405221
0.394416
0.379585
0.390172
0.394723
0.378781
0.370632
0.371348
0.369218
0.403808
0.40063
0.390352
0.369806
0.371289
0.384485
0.386833
0.377585
0.381455
0.373508
0.37547
0.368105
0.366329
0.363509
0.363804
0.367981
0.379822
0.385955
0.409915
0.407739
0.420359
0.434365
0.4144
0.434381
0.443237
0.430952
0.443819
0.447788
0.418855
0.414325
0.443863
0.439607
0.449175
0.434328
0.448336
0.429717
0.428688
0.417777
0.416446
0.402454
0.425852
0.428516
0.420043
0.390976
0.408282
0.394854
0.374825
0.403046
0.413893
0.430768
0.432119
0.401837
0.393378
0.410007
0.412478
0.397089
0.419434
0.444653
0.439082
0.429707
0.438612
0.429856
0.409001
0.404646
0.370146
0.379905
0.386188
0.407834
0.367573
0.377695
0.37711
0.40918
0.432088
0.42512
0.426384
0.423579
0.423647
0.422982
0.423254
0.422715
0.424279
0.434843
0.453836
0.40028
0.409373
0.400626
0.398992
0.402323
0.425213
0.429178
0.421014
0.406119
0.401365
0.410112
0.411118
0.406655
0.399861
0.412698
0.404284
0.407561
0.424763
0.412974
0.415752
0.446337
0.435308
0.424294
0.429903
0.4454
0.425838
0.406973
0.433107
0.463766
0.459944
0.4833
0.497772
0.448317
0.410806
0.439914
0.41668
0.430116
0.426393
0.429316
0.456462
0.454949
0.450293
0.457882
0.43026
0.457912
0.461008
0.443111
0.455781
0.446253
0.435335
0.395034
0.390609
0.413112
0.405541
0.381687
0.378301
0.370694
0.380751
0.378564
0.417953
0.419139
0.413252
0.417228
0.410712
0.426068
0.408126
0.413976
0.429187
0.416873
0.439637
0.447521
0.437267
0.442968
0.432707
0.40454
0.395536
0.386038
0.43457
0.405496
0.443349
0.408377
0.411032
0.414591
0.460177
0.478255
0.460077
0.457101
0.415054
0.434513
0.437124
0.430155
0.420868
0.414557
0.436046
0.43674
0.454774
0.433419
0.42304
0.443038
0.431115
0.46309
0.47381
0.445177
0.441587
0.451478
0.458157
0.439689
0.453093
0.439818
0.430759
0.397227
0.444855
0.472936
0.47276
0.472141
0.422619
0.408785
0.430454
0.41568
0.417869
0.395136
0.407825
0.432102
0.451787
0.439112
0.447845
0.416711
0.430795
0.424271
0.42369
0.433069
0.433804
0.397466
0.373913
0.362342
0.365894
0.364599
0.355737
0.361828
0.363115
0.364425
0.365703
0.376937
0.399244
0.399165
0.39549
0.371768
0.362682
0.360499
0.356503
0.36084
0.360094
0.363165
0.363773
0.371114
0.358382
0.35756
0.363264
0.364376
0.359104
0.361829
0.366633
0.368513
0.364134
0.364329
0.391051
0.419961
0.408201
0.402787
0.39113
0.408383
0.406178
0.390132
0.406037
0.413785
0.395429
0.407464
0.404283
0.412999
0.390479
0.366154
0.364035
0.358288
0.359734
0.360557
0.363275
0.369029
0.363742
0.363474
0.363496
0.364433
0.36284
0.366703
0.373183
0.39041
0.395066
0.372966
0.378564
0.392139
0.396867
0.437056
0.452897
0.431078
0.404056
0.428441
0.441062
0.464817
0.457018
0.445894
0.418545
0.395256
0.378464
0.382201
0.401482
0.397859
0.388418
0.413296
0.39053
0.397312
0.421454
0.4349
0.425927
0.406061
0.419631
0.394206
0.391387
0.427325
0.42173
0.410653
0.443052
0.453536
0.407092
0.370258
0.36898
0.370621
0.35923
0.360238
0.359692
0.363097
0.358608
0.359368
0.36709
0.375785
0.370316
0.367927
0.36356
0.366903
0.369382
0.365619
0.364163
0.366552
0.381554
0.391357
0.448464
0.419361
0.400881
0.414301
0.466849
0.424202
0.381284
0.372849
0.389769
0.402231
0.433307
0.445965
0.42186
0.403829
0.391394
0.40562
0.426251
0.408572
0.393873
0.423363
0.453147
0.460354
0.442593
0.436272
0.450578
0.38304
0.41866
0.390696
0.378091
0.390776
0.390719
0.379031
0.38667
0.37773
0.383035
0.385359
0.369085
0.372483
0.36264
0.364284
0.364401
0.350573
0.361369
0.370456
0.360848
0.373807
0.370846
0.394621
0.412599
0.395881
0.415341
0.397407
0.389227
0.407458
0.427515
0.410285
0.387612
0.384524
0.41895
0.448655
0.440224
0.456133
0.450171
0.403774
0.402758
0.392823
0.414885
0.424727
0.387989
0.39338
0.439328
0.428206
0.396192
0.39642
0.418961
0.426235
0.439831
0.397903
0.431227
0.419669
0.388641
0.376544
0.376203
0.384383
0.405616
0.430808
0.452822
0.451984
0.501251
0.493112
0.495181
0.444375
0.504337
0.512416
0.479472
0.452585
0.494184
0.511353
0.52183
0.497684
0.501942
0.480574
0.44684
0.451574
0.483717
0.442078
0.497347
0.505717
0.50028
0.500108
0.459853
0.504644
0.495785
0.465289
0.454848
0.472174
0.461473
0.478606
0.488305
0.398019
0.402429
0.406772
0.4155
0.40039
0.408808
0.429347
0.435365
0.416681
0.427239
0.417238
0.433748
0.433348
0.447964
0.455786
0.486837
0.452619
0.488862
0.491659
0.458434
0.474879
0.488407
0.484591
0.48918
0.450384
0.462799
0.423834
0.407184
0.443024
0.464037
0.477541
0.457479
0.432562
0.41285
0.420674
0.411041
0.434908
0.46077
0.434838
0.439246
0.457152
0.484538
0.454
0.450694
0.418126
0.434294
0.443227
0.440419
0.412189
0.405977
0.404888
0.398483
0.431668
0.461221
0.487781
0.485005
0.411115
0.397618
0.427998
0.45536
0.457288
0.443529
0.447606
0.443524
0.440723
0.428879
0.424658
0.406594
0.400799
0.400085
0.393137
0.382544
0.378291
0.386677
0.423532
0.417099
0.454681
0.457805
0.470568
0.452454
0.426725
0.447103
0.445502
0.443631
0.460201
0.443037
0.473654
0.460624
0.416652
0.416542
0.388286
0.431726
0.435638
0.440529
0.403948
0.373981
0.373591
0.374332
0.380901
0.388108
0.398177
0.376798
0.413365
0.423641
0.425373
0.401783
0.409458
0.403919
0.381853
0.375198
0.395786
0.409256
0.386685
0.404199
0.408254
0.402826
0.379817
0.38887
0.383966
0.36849
0.362491
0.360411
0.366503
0.384162
0.4163
0.4024
0.401153
0.419866
0.393698
0.406363
0.382358
0.399004
0.366911
0.36792
0.363854
0.360843
0.392722
0.385233
0.364378
0.373909
0.393549
0.385051
0.381333
0.369799
0.356178
0.357325
0.35737
0.359152
0.358044
0.364986
0.383634
0.376773
0.366808
0.365758
0.384158
0.395848
0.382151
0.365815
0.370622
0.363987
0.384592
0.412312
0.396278
0.372093
0.384533
0.421789
0.374151
0.368587
0.365317
0.361034
0.362156
0.36362
0.360618
0.361825
0.366324
0.37236
0.403566
0.414668
0.399533
0.374197
0.381184
0.422015
0.418271
0.388885
0.385034
0.410704
0.468109
0.467446
0.459684
0.459657
0.470328
0.475292
0.449652
0.466893
0.46756
0.45235
0.45331
0.462438
0.453267
0.43366
0.439085
0.445002
0.438335
0.401135
0.411963
0.439566
0.462065
0.463397
0.47202
0.463287
0.460572
0.461067
0.462159
0.434251
0.418731
0.430439
0.413799
0.412699
0.439012
0.460462
0.459877
0.46823
0.447036
0.443997
0.445455
0.42184
0.382655
0.38529
0.394662
0.392488
0.375035
0.373634
0.368671
0.3694
0.379014
0.412973
0.397206
0.390291
0.381507
0.459587
0.474107
0.493016
0.502433
0.517382
0.480662
0.479475
0.526252
0.499548
0.499297
0.477115
0.497446
0.468823
0.454548
0.478221
0.488082
0.48581
0.449604
0.417001
0.446759
0.484597
0.500427
0.487764
0.48768
0.440869
0.432308
0.390968
0.38203
0.368733
0.373231
0.373131
0.379171
0.38497
0.376873
0.382061
0.415493
0.437916
0.43242
0.44416
0.414022
0.472277
0.500578
0.490427
0.476204
0.485088
0.489779
0.467789
0.470353
0.451671
0.460917
0.422473
0.385098
0.415917
0.402636
0.392994
0.406691
0.409511
0.385246
0.385709
0.391656
0.519852
0.508437
0.464362
0.391188
0.390956
0.392565
0.363354
0.363128
0.363879
0.366091
0.363468
0.383498
0.418502
0.412369
0.414235
0.42096
0.412021
0.424837
0.447721
0.452707
0.43151
0.448887
0.426203
0.418143
0.434925
0.403162
0.411645
0.444043
0.42929
0.449791
0.434059
0.437449
0.445075
0.428004
0.417683
0.429196
0.404841
0.378201
0.366581
0.366208
0.389905
0.438046
0.415457
0.42505
0.438974
0.430972
0.424636
0.396332
0.377208
0.398213
0.454402
0.473929
0.451444
0.441102
0.443023
0.44694
0.469769
0.457146
0.477739
0.449432
0.436955
0.410955
0.381066
0.377132
0.374069
0.369028
0.369074
0.369308
0.370445
0.376248
0.37348
0.395999
0.409664
0.422499
0.43238
0.44311
0.420453
0.422606
0.415747
0.403457
0.403501
0.396912
0.407402
0.413704
0.394512
0.412497
0.43178
0.430559
0.447465
0.442344
0.424488
0.420971
0.420713
0.423975
0.411001
0.386457
0.39728
0.379468
0.372564
0.364077
0.369529
0.373737
0.386527
0.418341
0.425504
0.403373
0.383925
0.387622
0.395452
0.423292
0.437284
0.445844
0.430131
0.420209
0.383534
0.377301
0.37492
0.377195
0.379019
0.377995
0.386833
0.4072
0.384407
0.388677
0.444042
0.437452
0.402502
0.417508
0.439492
0.447662
0.435481
0.454732
0.466306
0.424853
0.401775
0.448859
0.469029
0.454309
0.424408
0.405675
0.395094
0.378952
0.395322
0.424785
0.42546
0.412421
0.395569
0.402593
0.410689
0.393865
0.405552
0.427569
0.421684
0.420589
0.38116
0.370926
0.383786
0.399671
0.407021
0.379851
0.373239
0.374129
0.402814
0.422807
0.430507
0.403161
0.416236
0.412942
0.394381
0.418307
0.434256
0.422208
0.419861
0.406142
0.397114
0.384201
0.394315
0.465241
0.488525
0.465604
0.433482
0.424532
0.42652
0.412149
0.432517
0.441673
0.449237
0.451253
0.431727
0.418472
0.444435
0.434523
0.420992
0.413368
0.422077
0.401615
0.408501
0.378309
0.369871
0.376932
0.389043
0.424302
0.451348
0.454469
0.458381
0.490641
0.469895
0.459745
0.44468
0.457066
0.443652
0.416661
0.404163
0.410213
0.479196
0.45246
0.447178
0.4388
0.460033
0.46279
0.433683
0.44822
0.420506
0.412707
0.381117
0.378227
0.369651
0.368287
0.366177
0.378367
0.381008
0.371198
0.386825
0.45039
0.488405
0.469106
0.478946
0.492477
0.497722
0.510018
0.505748
0.413814
0.409548
0.463146
0.399178
0.47012
0.483591
0.431852
0.406589
0.408506
0.395167
0.375957
0.383849
0.400814
0.395154
0.404914
0.426341
0.410132
0.42585
0.414977
0.398311
0.415273
0.378722
0.369328
0.38366
0.402454
0.416085
0.409172
0.403137
0.426342
0.423549
0.451235
0.43546
0.446464
0.433477
0.41022
0.429488
0.426512
0.393554
0.428015
0.436752
0.423973
0.41706
0.397315
0.397252
0.396483
0.4202
0.42405
0.405775
0.379873
0.41092
0.412934
0.385471
0.407293
0.421618
0.421599
0.434571
0.437208
0.431046
0.39768
0.382098
0.443128
0.444458
0.44885
0.475473
0.47126
0.413643
0.435551
0.451359
0.47854
0.478536
0.457541
0.460821
0.469186
0.489457
0.456009
0.442194
0.397192
0.386831
0.382786
0.401303
0.376979
0.376319
0.382978
0.400458
0.452963
0.459657
0.429641
0.413862
0.44311
0.467133
0.462186
0.46994
0.457659
0.420307
0.445651
0.450877
0.449189
0.41796
0.417105
0.419389
0.403717
0.404041
0.401289
0.405224
0.403279
0.39542
0.409953
0.465987
0.436634
0.422254
0.413114
0.391455
0.398858
0.423128
0.462101
0.472914
0.435703
0.420369
0.391532
0.390884
0.382565
0.381761
0.384522
0.388526
0.387441
0.403402
0.39223
0.384498
0.390837
0.39965
0.42301
0.403504
0.382496
0.37787
0.382343
0.383703
0.397688
0.390892
0.391749
0.389149
0.392758
0.392211
0.394799
0.394444
0.39038
0.396258
0.395897
0.400151
0.406589
0.401537
0.405023
0.402944
0.395309
0.401651
0.405417
0.421293
0.427384
0.438874
0.413224
0.391105
0.371944
0.370601
0.36945
0.382839
0.401047
0.383374
0.361243
0.372355
0.368415
0.365729
0.368668
0.362918
0.371255
0.380222
0.392356
0.452723
0.406398
0.39249
0.389555
0.401823
0.400995
0.404499
0.419099
0.403362
0.416684
0.408452
0.380367
0.379563
0.385419
0.405124
0.410816
0.410556
0.405909
0.398447
0.378927
0.384011
0.389019
0.402602
0.390844
0.381475
0.385756
0.36874
0.368316
0.37191
0.370558
0.374846
0.373472
0.375389
0.376624
0.37699
0.377783
0.391331
0.376376
0.382298
0.415143
0.415475
0.421926
0.402831
0.398143
0.453464
0.464027
0.432625
0.429663
0.393907
0.403206
0.391812
0.403754
0.400571
0.381357
0.389773
0.369199
0.377255
0.377464
0.378457
0.376134
0.373188
0.361335
0.3567
0.355875
0.368103
0.390702
0.390962
0.395623
0.360048
0.349543
0.365044
0.373569
0.374445
0.373662
0.374402
0.377529
0.382015
0.386735
0.380219
0.393064
0.416924
0.415557
0.40724
0.398646
0.402074
0.38406
0.381521
0.38299
0.377488
0.444246
0.456716
0.394053
0.424717
0.414847
0.433624
0.435775
0.426577
0.417866
0.418007
0.385135
0.400362
0.405388
0.405471
0.386629
0.373884
0.374415
0.381946
0.376099
0.378942
0.371255
0.369243
0.370069
0.366472
0.381372
0.370419
0.365468
0.372897
0.374113
0.371269
0.369311
0.368738
0.368401
0.361676
0.367757
0.365974
0.368975
0.369796
0.345073
0.379779
0.373771
0.373752
0.377261
0.390818
0.381724
0.385235
0.389498
0.369928
0.381574
0.376853
0.364683
0.372697
0.379826
0.353395
0.381943
0.372299
0.373879
0.365791
0.367678
0.376653
0.397647
0.423594
0.412166
0.405758
0.407269
0.408625
0.407488
0.378782
0.373061
0.373793
0.393601
0.394464
0.426986
0.415701
0.380251
0.392354
0.419557
0.400592
0.391583
0.401275
0.384558
0.390824
0.370979
0.365019
0.374405
0.395232
0.405405
0.408588
0.40785
0.407576
0.410755
0.413292
0.392121
0.424889
0.412389
0.396704
0.399683
0.388736
0.403926
0.383149
0.371356
0.374873
0.395178
0.384731
0.379281
0.397617
0.407254
0.411486
0.405985
0.395447
0.40265
0.410491
0.419672
0.408062
0.411301
0.405341
0.389907
0.379049
0.402384
0.411404
0.409445
0.389253
0.393234
0.395784
0.381359
0.41806
0.396278
0.380453
0.389932
0.396587
0.397119
0.376521
0.3904
0.387443
0.387709
0.390272
0.381821
0.38888
0.391882
0.383363
0.387819
0.382169
0.38523
0.390383
0.385022
0.389597
0.378905
0.386632
0.389982
0.387924
0.385193
0.389881
0.38795
0.38665
0.384733
0.377375
0.389288
0.390008
0.388081
0.385801
0.383641
0.397854
0.390674
0.391663
0.386933
0.387418
0.38995
0.38982
0.389582
0.389616
0.389607
0.389752
0.393367
0.389916
0.388749
0.389821
0.382235
0.392568
0.389462
0.388744
0.391783
0.395852
0.38935
0.389676
0.390027
0.389147
0.389177
0.389212
0.389087
0.389927
0.390478
0.390352
0.39314
0.385251
0.388744
0.378592
0.389548
0.390074
0.3902
0.391268
0.384804
0.389168
0.391471
0.384167
0.393447
0.382275
0.384044
0.389785
0.393082
0.384612
0.390562
0.388304
0.387815
0.39219
0.388583
0.389187
0.389527
0.389249
0.389382
0.389247
0.391933
0.386796
0.388225
0.386827
0.386548
0.389107
0.392012
0.391346
0.391134
0.386313
0.389843
0.39618
0.388053
0.387741
0.394375
0.388901
0.388464
0.388742
0.39027
0.388433
0.391509
0.388733
0.388244
0.390525
0.387687
0.392189
0.389346
0.388574
0.389796
0.388519
0.392754
0.38952
0.385493
0.390786
0.389055
0.391398
0.384733
0.387635
0.388909
0.385221
0.389317
0.387137
0.389293
0.389525
0.389871
0.39022
0.394964
0.389689
0.388948
0.383762
0.389516
0.390514
0.384771
0.390308
0.389117
0.389715
0.384735
0.388585
0.384012
0.389983
0.391379
0.383317
0.389716
0.389647
0.390469
0.3909
0.391151
0.392289
0.390417
0.382785
0.38171
0.411693
