0.389255
0.383992
0.386791
0.387804
0.384142
0.415116
0.407807
0.406221
0.393303
0.386744
0.390556
0.398884
0.39795
0.390417
0.400856
0.391464
0.38802
0.383991
0.383218
0.37787
0.381037
0.38408
0.400751
0.410628
0.407511
0.400268
0.39698
0.401373
0.393475
0.387127
0.389222
0.385067
0.3893
0.400171
0.426195
0.443442
0.436692
0.429515
0.410873
0.411097
0.398981
0.40658
0.399362
0.398298
0.403033
0.411511
0.43134
0.405137
0.422502
0.405926
0.390257
0.387398
0.377523
0.393955
0.371521
0.382786
0.383293
0.400287
0.385282
0.38408
0.38694
0.39669
0.414478
0.44492
0.434431
0.408493
0.378662
0.391335
0.391188
0.382532
0.394089
0.39872
0.399499
0.41441
0.409197
0.405502
0.392718
0.404481
0.392037
0.380345
0.373052
0.374241
0.367451
0.37682
0.367938
0.365049
0.373655
0.359548
0.362988
0.367217
0.365257
0.36107
0.355498
0.356075
0.364332
0.378005
0.375104
0.380002
0.398214
0.408945
0.401006
0.378475
0.373484
0.373441
0.37728
0.378647
0.391444
0.397822
0.410422
0.433105
0.434996
0.442305
0.455278
0.463904
0.432884
0.434563
0.430794
0.4564
0.46289
0.481559
0.49355
0.446154
0.453729
0.461056
0.449439
0.423103
0.437349
0.439217
0.445906
0.449069
0.458983
0.457717
0.459465
0.454579
0.435304
0.4206
0.431926
0.412832
0.397284
0.378846
0.381542
0.397211
0.414955
0.435718
0.424513
0.439762
0.431622
0.425402
0.397113
0.398894
0.390574
0.375391
0.383756
0.367406
0.396191
0.399505
0.395392
0.397483
0.395998
0.39298
0.367577
0.37589
0.365956
0.375687
0.373095
0.36078
0.358352
0.364126
0.365384
0.361788
0.366308
0.359376
0.373441
0.382842
0.406636
0.416584
0.428715
0.407483
0.416079
0.418568
0.402776
0.397472
0.398936
0.404807
0.412564
0.404599
0.406626
0.428773
0.429123
0.404274
0.410831
0.397716
0.380121
0.37938
0.408457
0.418154
0.415014
0.419171
0.429775
0.433599
0.439259
0.418435
0.417249
0.427885
0.457356
0.412254
0.409694
0.384936
0.397775
0.415887
0.409898
0.414783
0.410542
0.380419
0.38858
0.395117
0.433899
0.442257
0.427839
0.410738
0.412342
0.42159
0.422462
0.414216
0.431149
0.428356
0.400542
0.38817
0.383706
0.387157
0.386288
0.384462
0.41329
0.385829
0.381067
0.382449
0.374899
0.359981
0.361345
0.353903
0.380357
0.397503
0.391406
0.380707
0.379694
0.377994
0.386097
0.397605
0.397007
0.420196
0.418057
0.431167
0.448984
0.432919
0.461393
0.434151
0.421418
0.421454
0.487161
0.477371
0.452083
0.46602
0.469294
0.489886
0.496285
0.435129
0.419089
0.402718
0.393689
0.396331
0.40867
0.42484
0.40661
0.407418
0.429304
0.436495
0.42849
0.402719
0.393388
0.416637
0.433431
0.418182
0.390871
0.400262
0.380466
0.383757
0.385683
0.383367
0.398902
0.420164
0.428362
0.423613
0.418932
0.396686
0.395304
0.396235
0.412074
0.422116
0.415108
0.44156
0.440076
0.438928
0.458979
0.457731
0.470564
0.418912
0.460674
0.450659
0.462494
0.457856
0.422417
0.462301
0.458329
0.453202
0.46773
0.468837
0.486574
0.48072
0.473403
0.467799
0.460821
0.477469
0.461471
0.49396
0.474691
0.475072
0.469137
0.45638
0.493482
0.497356
0.49456
0.43906
0.460121
0.433021
0.387079
0.374911
0.361689
0.372145
0.371989
0.371413
0.367086
0.365099
0.373247
0.385622
0.378471
0.385305
0.396718
0.399134
0.390899
0.383057
0.381978
0.378546
0.369991
0.377592
0.384642
0.383845
0.378499
0.390981
0.381889
0.376987
0.372005
0.386566
0.38477
0.374542
0.379609
0.391976
0.38068
0.368279
0.367223
0.376693
0.380261
0.391342
0.409427
0.425217
0.384034
0.437014
0.418161
0.424854
0.424457
0.395875
0.390726
0.386011
0.390777
0.375874
0.370962
0.361135
0.365044
0.367127
0.363563
0.36553
0.356102
0.363399
0.366045
0.353481
0.362826
0.364444
0.37651
0.368272
0.379247
0.382842
0.383566
0.381619
0.396959
0.396542
0.389003
0.377242
0.381586
0.371992
0.37034
0.380076
0.381797
0.388469
0.390952
0.386475
0.3774
0.382966
0.390956
0.393193
0.397692
0.433961
0.457362
0.488914
0.482446
0.483844
0.401131
0.440309
0.474745
0.468038
0.454196
0.426805
0.435493
0.453023
0.417821
0.399631
0.394546
0.388903
0.389852
0.381225
0.374929
0.379781
0.382872
0.375678
0.389063
0.394925
0.405353
0.428057
0.43091
0.43923
0.419082
0.417951
0.429615
0.431405
0.439558
0.460988
0.439025
0.420906
0.405092
0.429158
0.448709
0.417843
0.40449
0.389693
0.385833
0.390293
0.402416
0.419779
0.443324
0.483709
0.408851
0.460076
0.460923
0.490089
0.473625
0.47696
0.477662
0.491677
0.462272
0.463987
0.484179
0.482477
0.446799
0.455726
0.482034
0.467204
0.483588
0.493747
0.497871
0.442337
0.446312
0.444493
0.424702
0.402976
0.390214
0.385282
0.390886
0.397952
0.41324
0.39618
0.394147
0.382929
0.377341
0.372947
0.358379
0.366685
0.377395
0.368363
0.362917
0.359216
0.357907
0.361612
0.37099
0.369049
0.391907
0.383721
0.404052
0.389746
0.383777
0.365329
0.367045
0.36515
0.366772
0.362059
0.374805
0.363412
0.347987
0.361386
0.360345
0.36602
0.360279
0.366356
0.370528
0.365068
0.363215
0.36889
0.384475
0.38435
0.39914
0.389805
0.400599
0.392013
0.427969
0.414397
0.433448
0.435939
0.432467
0.434633
0.449735
0.43452
0.452059
0.434841
0.452115
0.444196
0.421433
0.426783
0.44126
0.45819
0.432467
0.421384
0.443007
0.442854
0.432713
0.447574
0.42762
0.404746
0.417273
0.416791
0.398737
0.421221
0.41297
0.406386
0.411553
0.397369
0.429411
0.425916
0.428721
0.397033
0.376339
0.408086
0.419215
0.407258
0.414913
0.404636
0.412922
0.417707
0.417516
0.399284
0.406308
0.395956
0.398786
0.412974
0.428594
0.416539
0.421491
0.443519
0.416857
0.463995
0.417833
0.442059
0.418724
0.416108
0.448793
0.460975
0.45122
0.438829
0.429474
0.43921
0.401664
0.389884
0.402352
0.417722
0.413423
0.431716
0.433345
0.44823
0.43165
0.461076
0.470797
0.441706
0.422151
0.459776
0.473897
0.440111
0.394831
0.388735
0.407047
0.38219
0.377378
0.392367
0.402652
0.399431
0.400401
0.408842
0.416226
0.425898
0.412377
0.411759
0.405392
0.406726
0.395051
0.441829
0.422922
0.416677
0.429063
0.455389
0.454347
0.445409
0.430616
0.439053
0.423725
0.450909
0.48546
0.457466
0.469047
0.441353
0.462156
0.438698
0.438412
0.438735
0.468259
0.466768
0.458249
0.447976
0.43406
0.430083
0.431088
0.428613
0.459951
0.447178
0.445392
0.440532
0.427698
0.41284
0.419726
0.436251
0.428553
0.420243
0.430416
0.434868
0.434303
0.4233
0.408632
0.416542
0.442535
0.430972
0.438958
0.459921
0.471125
0.455932
0.468082
0.465147
0.460497
0.479935
0.444856
0.449528
0.466826
0.456526
0.460249
0.439941
0.437548
0.466616
0.438784
0.40353
0.406087
0.407441
0.43291
0.409647
0.396149
0.429597
0.425558
0.433715
0.428455
0.437127
0.455258
0.440237
0.453387
0.439455
0.445645
0.433536
0.441574
0.442448
0.417057
0.396639
0.405993
0.394253
0.378573
0.380334
0.381267
0.378472
0.37399
0.381064
0.398576
0.421665
0.443056
0.439621
0.424332
0.418099
0.411706
0.434293
0.448288
0.422611
0.407412
0.403566
0.390342
0.394668
0.42045
0.395556
0.405681
0.401745
0.402661
0.393735
0.402184
0.399997
0.386912
0.37521
0.372966
0.385037
0.379229
0.384355
0.391947
0.394093
0.419739
0.439831
0.393944
0.404343
0.427736
0.423476
0.424896
0.418425
0.406964
0.401781
0.414612
0.426555
0.420481
0.424088
0.392419
0.394869
0.408327
0.393579
0.409043
0.398772
0.386111
0.381436
0.388259
0.402147
0.447421
0.456841
0.456396
0.502814
0.515507
0.484691
0.492231
0.510846
0.513873
0.438602
0.504317
0.510567
0.500284
0.51048
0.499078
0.492186
0.496001
0.482662
0.470139
0.472514
0.493479
0.48239
0.491576
0.508931
0.512076
0.500801
0.495071
0.514161
0.488233
0.500452
0.508395
0.495202
0.507298
0.483767
0.489354
0.491409
0.489492
0.478128
0.399233
0.445681
0.445875
0.434932
0.464089
0.499334
0.474828
0.466518
0.40376
0.391965
0.388953
0.394801
0.384228
0.464146
0.400277
0.444447
0.483121
0.413989
0.413937
0.397446
0.383966
0.374539
0.373186
0.361801
0.360709
0.369917
0.362446
0.372035
0.360681
0.367392
0.358275
0.369634
0.369077
0.377139
0.377926
0.390175
0.375026
0.395773
0.392756
0.381737
0.406143
0.384664
0.37934
0.376756
0.371961
0.376702
0.367668
0.36701
0.361859
0.377563
0.373607
0.37769
0.396408
0.401431
0.365477
0.391265
0.414455
0.448034
0.423951
0.409182
0.396505
0.40872
0.407901
0.400285
0.413093
0.426224
0.411692
0.423148
0.431317
0.429196
0.3913
0.396662
0.381192
0.382877
0.380497
0.368319
0.367746
0.364802
0.366072
0.37664
0.37184
0.366684
0.367297
0.39166
0.42396
0.398894
0.383112
0.390723
0.400022
0.429486
0.419976
0.418725
0.443639
0.447613
0.429872
0.413173
0.426789
0.429005
0.414048
0.400126
0.40353
0.389158
0.375741
0.384994
0.393541
0.371596
0.361549
0.371474
0.371178
0.384437
0.38188
0.385619
0.384682
0.399113
0.409738
0.396952
0.397312
0.404932
0.393454
0.373843
0.373556
0.377205
0.380422
0.374633
0.390006
0.420004
0.425016
0.40404
0.420251
0.413255
0.430239
0.410497
0.422782
0.440141
0.442399
0.416973
0.42533
0.425276
0.455128
0.441448
0.439798
0.434354
0.437518
0.426871
0.415033
0.444209
0.413716
0.409459
0.416398
0.403262
0.438993
0.429734
0.417503
0.430062
0.418654
0.43157
0.422985
0.426848
0.41735
0.411492
0.426979
0.40835
0.413934
0.39318
0.384917
0.388751
0.395533
0.394888
0.400521
0.393287
0.389238
0.404238
0.404891
0.404166
0.37849
0.371543
0.370072
0.363137
0.357845
0.370221
0.373447
0.379634
0.397139
0.411476
0.39947
0.376906
0.428228
0.466845
0.453848
0.382883
0.370835
0.369171
0.364514
0.360445
0.360422
0.36245
0.371908
0.380886
0.368464
0.360604
0.365864
0.364538
0.361282
0.373692
0.369148
0.384129
0.40801
0.44645
0.432356
0.461478
0.445165
0.438643
0.435372
0.462356
0.458071
0.478943
0.479687
0.504857
0.503772
0.491072
0.475562
0.415222
0.437481
0.415249
0.393562
0.38882
0.379815
0.376607
0.374978
0.368656
0.367024
0.361707
0.363245
0.367875
0.372292
0.367437
0.366982
0.365703
0.361346
0.367593
0.368401
0.371386
0.36096
0.364746
0.368402
0.37562
0.390956
0.408008
0.445929
0.464784
0.427687
0.42971
0.431021
0.416494
0.436976
0.443563
0.449916
0.448029
0.439378
0.419084
0.399481
0.447385
0.443707
0.426852
0.3826
0.388926
0.406186
0.422563
0.415431
0.387964
0.378785
0.377738
0.375939
0.370334
0.376779
0.383632
0.37203
0.392137
0.403584
0.402924
0.398699
0.376287
0.370648
0.362683
0.3619
0.38043
0.389171
0.414325
0.423338
0.408423
0.407888
0.414862
0.418511
0.416817
0.400884
0.381686
0.377714
0.376281
0.379659
0.393123
0.414799
0.40916
0.386611
0.405353
0.421342
0.41415
0.43022
0.404954
0.412654
0.437369
0.455882
0.482061
0.453289
0.47775
0.422746
0.452544
0.454713
0.452741
0.430818
0.416631
0.430855
0.453218
0.444184
0.417709
0.425244
0.457978
0.423128
0.404587
0.389168
0.387794
0.376722
0.383044
0.403295
0.421129
0.425837
0.421814
0.432838
0.443435
0.419807
0.405055
0.42054
0.426288
0.412374
0.449472
0.492805
0.443931
0.440091
0.460573
0.453863
0.437811
0.430227
0.440936
0.451016
0.436115
0.438705
0.455259
0.469684
0.422385
0.478704
0.444545
0.442442
0.453021
0.449528
0.426355
0.439256
0.42363
0.408646
0.41441
0.397554
0.385745
0.381484
0.398201
0.397943
0.397052
0.405936
0.419437
0.42053
0.396187
0.385944
0.405715
0.416091
0.403844
0.38015
0.386038
0.385829
0.403609
0.400347
0.382163
0.380148
0.387374
0.412379
0.403039
0.403374
0.378251
0.391187
0.382231
0.385394
0.379758
0.389633
0.392233
0.399714
0.416652
0.413536
0.404406
0.403616
0.434749
0.459821
0.459534
0.436945
0.427687
0.415359
0.419704
0.437691
0.44284
0.444683
0.410698
0.426934
0.415286
0.42376
0.420349
0.417389
0.429598
0.41829
0.437458
0.426137
0.379602
0.385955
0.394794
0.418888
0.402945
0.413222
0.458636
0.432932
0.418796
0.454775
0.486586
0.469177
0.469899
0.478647
0.478166
0.468998
0.488511
0.47095
0.466154
0.451581
0.452908
0.449592
0.442949
0.430132
0.450007
0.467429
0.458027
0.467351
0.508429
0.472197
0.462362
0.490277
0.478663
0.479157
0.487824
0.450184
0.490316
0.4666
0.422317
0.414687
0.407802
0.416996
0.455714
0.464446
0.429975
0.435213
0.431557
0.424105
0.411598
0.413064
0.426827
0.450662
0.458147
0.476326
0.482256
0.47487
0.47921
0.440961
0.476343
0.47187
0.499858
0.521027
0.495588
0.496729
0.477988
0.50355
0.511078
0.488988
0.47806
0.493076
0.513153
0.521058
0.501906
0.498892
0.512772
0.480895
0.46499
0.449752
0.463982
0.470317
0.464213
0.469182
0.455535
0.445154
0.425068
0.42271
0.431581
0.450259
0.463312
0.493035
0.50177
0.511625
0.504072
0.48537
0.462482
0.455482
0.453708
0.469313
0.467025
0.406255
0.401016
0.402712
0.399561
0.403499
0.400819
0.399115
0.404406
0.404593
0.407322
0.463527
0.459373
0.467849
0.461276
0.471319
0.486952
0.500317
0.493067
0.516981
0.485998
0.481919
0.49553
0.467359
0.458818
0.421774
0.413152
0.393132
0.373287
0.376958
0.367147
0.379482
0.380255
0.3776
0.383178
0.375606
0.373129
0.381079
0.372352
0.373841
0.391188
0.379999
0.388532
0.388638
0.398654
0.448037
0.440632
0.444914
0.447995
0.453276
0.426905
0.426481
0.398119
0.384124
0.384562
0.373402
0.374348
0.36925
0.373248
0.367276
0.374431
0.371534
0.371487
0.36777
0.367488
0.393795
0.396519
0.393423
0.39226
0.380953
0.389785
0.402176
0.388224
0.374194
0.380629
0.371851
0.373947
0.393116
0.386553
0.388988
0.392807
0.410017
0.408748
0.413211
0.405382
0.397247
0.386747
0.393981
0.383147
0.391274
0.413087
0.414896
0.418096
0.402524
0.390061
0.3829
0.378498
0.378155
0.363655
0.365413
0.368767
0.367964
0.373597
0.382281
0.379851
0.366546
0.371889
0.390373
0.407802
0.422364
0.443028
0.453188
0.444059
0.433428
0.428257
0.424948
0.410435
0.400547
0.390952
0.389478
0.39728
0.409187
0.430968
0.420869
0.430431
0.439405
0.407773
0.416033
0.427723
0.431258
0.440521
0.43431
0.411801
0.404224
0.402027
0.418989
0.425874
0.437903
0.45161
0.432108
0.420097
0.409566
0.403106
0.42067
0.427468
0.422399
0.380647
0.432244
0.404819
0.443342
0.420825
0.423398
0.427562
0.418771
0.406809
0.392468
0.388857
0.399329
0.401481
0.425247
0.402845
0.424909
0.441979
0.417908
0.394186
0.395225
0.371309
0.372922
0.36864
0.365385
0.361654
0.374299
0.366135
0.357333
0.364835
0.367897
0.369277
0.368012
0.365954
0.369922
0.362044
0.366345
0.364443
0.364123
0.366005
0.365364
0.366139
0.368139
0.369365
0.373704
0.377165
0.377288
0.386909
0.384935
0.395619
0.403413
0.439262
0.453491
0.441277
0.462143
0.453498
0.445047
0.443453
0.432325
0.430195
0.434514
0.43696
0.411934
0.40343
0.403998
0.429787
0.434468
0.433474
0.427823
0.424332
0.372974
0.398058
0.400148
0.395984
0.393919
0.410172
0.413868
0.405724
0.416964
0.395287
0.43054
0.422927
0.408676
0.387179
0.382304
0.376635
0.380252
0.385559
0.386318
0.394549
0.384301
0.375813
0.389204
0.399657
0.37827
0.382544
0.390159
0.395804
0.409339
0.395057
0.388014
0.388746
0.399213
0.410707
0.41661
0.411228
0.431794
0.408955
0.409404
0.403351
0.381957
0.402368
0.427855
0.407846
0.398476
0.431178
0.441615
0.400277
0.432895
0.439357
0.421453
0.408883
0.383188
0.374203
0.367695
0.364641
0.367521
0.355886
0.359194
0.363062
0.362476
0.360148
0.373822
0.364541
0.363393
0.3642
0.364131
0.370541
0.371728
0.372103
0.384744
0.384986
0.394395
0.359077
0.358057
0.373424
0.364544
0.36891
0.367883
0.371443
0.374962
0.388326
0.404057
0.419354
0.430184
0.428263
0.415281
0.392708
0.377846
0.371183
0.389431
0.37755
0.376768
0.385288
0.392269
0.402471
0.402054
0.412949
0.426528
0.411192
0.430123
0.451249
0.443637
0.445978
0.440111
0.421837
0.448479
0.438513
0.425673
0.433191
0.380814
0.374396
0.42565
0.451147
0.422388
0.461117
0.496109
0.494486
0.490373
0.46394
0.429883
0.495653
0.506445
0.475849
0.455753
0.444682
0.465683
0.415563
0.397434
0.379656
0.377349
0.385769
0.393041
0.394099
0.392792
0.411796
0.427861
0.420018
0.41709
0.414275
0.450003
0.454272
0.450163
0.466838
0.422181
0.458752
0.441432
0.46116
0.466963
0.443827
0.453837
0.428348
0.445173
0.438208
0.454066
0.443847
0.409084
0.40982
0.420254
0.400851
0.406238
0.415535
0.434654
0.419912
0.447828
0.455221
0.479608
0.457273
0.453163
0.455587
0.433223
0.436078
0.401644
0.421791
0.463173
0.434055
0.386536
0.430401
0.438524
0.444582
0.448325
0.446524
0.452665
0.423145
0.388212
0.390612
0.389628
0.422352
0.446474
0.476263
0.465269
0.463925
0.473498
0.436037
0.438382
0.419598
0.416826
0.399759
0.39025
0.392872
0.378561
0.369408
0.362209
0.361697
0.368677
0.36271
0.361995
0.362972
0.36626
0.374975
0.381198
0.377096
0.366878
0.362797
0.371521
0.362902
0.372135
0.390216
0.421969
0.415467
0.424799
0.430924
0.421688
0.415849
0.398469
0.387042
0.391104
0.38218
0.379624
0.379707
0.366301
0.377012
0.392883
0.3958
0.401998
0.388815
0.38588
0.407554
0.419098
0.45273
0.450272
0.420342
0.448947
0.460841
0.410941
0.40839
0.429948
0.419181
0.405234
0.387754
0.375019
0.372582
0.36297
0.368413
0.36536
0.37141
0.3774
0.38589
0.39411
0.403037
0.400064
0.412618
0.422636
0.435775
0.412964
0.394615
0.382416
0.389015
0.418645
0.432277
0.440498
0.437634
0.428431
0.410457
0.428619
0.440259
0.464513
0.442868
0.405682
0.395673
0.387498
0.397038
0.420102
0.400144
0.425661
0.402783
0.392208
0.383522
0.379577
0.38213
0.401548
0.422569
0.434452
0.40452
0.384179
0.389059
0.405013
0.398826
0.389895
0.406453
0.430415
0.436043
0.427487
0.435907
0.438854
0.40416
0.387069
0.387072
0.375463
0.375367
0.369643
0.372101
0.372204
0.375316
0.376092
0.390827
0.402463
0.396177
0.419444
0.396199
0.39653
0.396902
0.401633
0.414441
0.440267
0.443362
0.417436
0.412651
0.408967
0.425006
0.446346
0.455717
0.442347
0.43416
0.413712
0.416385
0.393305
0.384069
0.39679
0.386267
0.397842
0.418533
0.421521
0.421374
0.401584
0.38586
0.373935
0.368482
0.370351
0.370177
0.375855
0.38145
0.398011
0.413846
0.430806
0.443336
0.445045
0.447041
0.44026
0.449132
0.456816
0.439101
0.438763
0.438596
0.422127
0.400108
0.387251
0.379558
0.376714
0.379932
0.387373
0.391086
0.398794
0.40365
0.41472
0.412348
0.399057
0.376287
0.382871
0.380183
0.383902
0.382396
0.385561
0.423185
0.415451
0.415273
0.404156
0.386796
0.396372
0.398587
0.394362
0.402978
0.405827
0.398604
0.412838
0.397109
0.390785
0.388696
0.377613
0.387889
0.407289
0.419437
0.438833
0.451343
0.429384
0.414966
0.426959
0.405727
0.402174
0.402307
0.437675
0.428201
0.425715
0.431328
0.422993
0.407567
0.409707
0.38481
0.380831
0.392702
0.392906
0.397656
0.387763
0.388428
0.399775
0.395133
0.404186
0.386651
0.39728
0.402204
0.384074
0.376625
0.369737
0.370104
0.365268
0.369456
0.366721
0.373551
0.363608
0.375336
0.382327
0.388377
0.398637
0.395594
0.384559
0.377297
0.388953
0.395661
0.411633
0.416204
0.410561
0.403897
0.386842
0.379104
0.374248
0.372117
0.363922
0.382719
0.384877
0.406823
0.404664
0.39006
0.383673
0.378443
0.383487
0.375383
0.365446
0.360535
0.366253
0.35933
0.363134
0.358788
0.368928
0.376374
0.371301
0.377891
0.370115
0.364975
0.361502
0.373597
0.370334
0.378939
0.38022
0.396658
0.418682
0.419056
0.443257
0.442357
0.433206
0.453198
0.427803
0.418619
0.414937
0.400896
0.416706
0.414674
0.420814
0.430801
0.409213
0.387449
0.373834
0.37165
0.362838
0.3611
0.370694
0.366881
0.365509
0.364749
0.367189
0.365992
0.373446
0.372099
0.384382
0.38774
0.401211
0.435883
0.433479
0.44686
0.46756
0.437532
0.463159
0.489495
0.474895
0.464557
0.477028
0.462159
0.429114
0.478022
0.471516
0.457193
0.438348
0.477117
0.424085
0.452532
0.447771
0.489
0.481766
0.467404
0.465166
0.487934
0.493817
0.481891
0.454925
0.444355
0.423762
0.424491
0.402042
0.43733
0.406422
0.404444
0.415011
0.402848
0.379357
0.374738
0.373943
0.363012
0.370785
0.368442
0.370225
0.382868
0.390135
0.393181
0.391969
0.434756
0.433635
0.414309
0.430717
0.403143
0.402955
0.41641
0.433494
0.434713
0.45369
0.426742
0.413161
0.411766
0.435925
0.439333
0.469544
0.44873
0.448858
0.446404
0.416812
0.41809
0.403584
0.413911
0.435357
0.419655
0.435544
0.41393
0.411549
0.40753
0.403902
0.405498
0.413389
0.417122
0.450159
0.486853
0.445701
0.499272
0.494105
0.43594
0.422096
0.395392
0.384518
0.379894
0.393149
0.407377
0.406706
0.400012
0.399618
0.400127
0.386558
0.377912
0.374483
0.36614
0.368433
0.371222
0.37329
0.377969
0.383987
0.379418
0.386153
0.404784
0.413805
0.427752
0.393412
0.379343
0.375819
0.380149
0.385777
0.393029
0.39194
0.38428
0.37066
0.381818
0.383867
0.407552
0.382223
0.39306
0.386679
0.381367
0.376776
0.380573
0.382594
0.373429
0.385877
0.376259
0.367613
0.367503
0.369805
0.367625
0.356757
0.365708
0.37571
0.370532
0.365054
0.364849
0.367012
0.361164
0.376671
0.374386
0.38999
0.395617
0.40297
0.395702
0.397119
0.407079
0.414009
0.421479
0.42055
0.432417
0.423918
0.402973
0.446321
0.4181
0.400859
0.405037
0.395781
0.414296
0.394324
0.397445
0.397783
0.427101
0.422933
0.438476
0.40825
0.409831
0.412571
0.413689
0.403828
0.40549
0.432231
0.413274
0.416143
0.389878
0.369249
0.381681
0.370846
0.3864
0.402984
0.393045
0.382905
0.367123
0.366379
0.359145
0.366173
0.370521
0.374155
0.379041
0.3819
0.395516
0.391555
0.403095
0.430831
0.422678
0.411214
0.411988
0.388843
0.390908
0.386403
0.387108
0.383446
0.402293
0.416223
0.417364
0.418732
0.42518
0.449787
0.410049
0.43423
0.433123
0.416116
0.434712
0.424672
0.435246
0.437635
0.441372
0.439322
0.420598
0.411524
0.395348
0.41818
0.423069
0.412907
0.429492
0.431214
0.419763
0.418824
0.432715
0.443335
0.424511
0.450158
0.422281
0.414199
0.448498
0.42981
0.491697
0.495911
0.492403
0.455744
0.497658
0.485802
0.460954
0.431796
0.403999
0.4259
0.425958
0.422332
0.382851
0.419978
0.413278
0.372954
0.382642
0.386884
0.425102
0.417684
0.393269
0.376033
0.381984
0.369469
0.371816
0.379266
0.364376
0.369764
0.398762
0.46572
0.463326
0.445722
0.41224
0.417058
0.477931
0.438066
0.409313
0.431276
0.430921
0.490415
0.463617
0.474997
0.486018
0.502013
0.483212
0.429186
0.471211
0.465283
0.444529
0.460904
0.503067
0.447703
0.476796
0.445231
0.423249
0.408328
0.403569
0.402548
0.39975
0.409499
0.453492
0.484314
0.415669
0.452831
0.460372
0.464142
0.489132
0.482862
0.489995
0.490577
0.501601
0.491295
0.47871
0.454514
0.447432
0.432892
0.451605
0.48241
0.454179
0.462327
0.477041
0.479201
0.486965
0.490149
0.479526
0.466549
0.462689
0.501689
0.490725
0.454095
0.513203
0.493175
0.487214
0.487865
0.456161
0.463669
0.458614
0.455022
0.49349
0.480976
0.50147
0.473561
0.484117
0.487248
0.503284
0.487629
0.515216
0.4729
0.494979
0.484378
0.486379
0.465649
0.458748
0.521537
0.494252
0.48969
0.511536
0.49723
0.466344
0.50179
0.496642
0.488678
0.496397
0.496834
0.515618
0.505636
0.516367
0.518411
0.524635
0.521299
0.505586
0.502104
0.491992
0.498778
0.49862
0.469643
0.453119
0.462048
0.456982
0.417163
0.41476
0.417187
0.419033
0.421646
0.446469
0.441951
0.399275
0.405058
0.403937
0.404447
0.408407
0.398829
0.395771
0.486522
0.509386
0.489861
0.49958
0.503579
0.454984
0.477712
0.493644
0.506802
0.457087
0.453958
0.481476
0.48187
0.50771
0.486204
0.475964
0.519519
0.528012
0.518743
0.488692
0.478111
0.498003
0.49844
0.493067
0.520932
0.520721
0.508212
0.513036
0.523194
0.494022
0.460474
0.483525
0.4749
0.415409
0.430606
0.402004
0.410014
0.410251
0.406617
0.417335
0.395457
0.413425
0.404221
0.392913
0.382837
0.382307
0.374487
0.361987
0.376229
0.389996
0.406181
0.404191
0.389986
0.412971
0.407949
0.400103
0.379614
0.381886
0.374944
0.374351
0.371361
0.380163
0.379181
0.380922
0.373296
0.373661
0.363526
0.37447
0.367535
0.359788
0.364401
0.391559
0.373661
0.382638
0.368263
0.404773
0.409908
0.387013
0.376432
0.375514
0.372861
0.374724
0.38696
0.379898
0.377844
0.380577
0.399821
0.380887
0.377715
0.376798
0.381506
0.37931
0.39067
0.398458
0.424401
0.412863
0.41979
0.421655
0.433508
0.419241
0.407524
0.414723
0.40311
0.409072
0.422427
0.420578
0.438284
0.429007
0.509132
0.493768
0.470807
0.462592
0.397774
0.444947
0.442804
0.431593
0.426602
0.410733
0.441803
0.43795
0.439829
0.445214
0.465704
0.440215
0.437714
0.438442
0.407554
0.430957
0.428683
0.425647
0.467039
0.485387
0.483206
0.469587
0.43964
0.432164
0.415474
0.470646
0.437857
0.424492
0.437514
0.458113
0.497628
0.465214
0.428066
0.459417
0.453567
0.424825
0.505527
0.506902
0.512565
0.508598
0.506469
0.501516
0.467651
0.505908
0.492286
0.473235
0.454041
0.470276
0.474923
0.47255
0.440306
0.409919
0.400845
0.403312
0.389707
0.379117
0.373998
0.378521
0.38221
0.389091
0.411031
0.410209
0.404275
0.391359
0.387059
0.403392
0.411112
0.413929
0.424064
0.445801
0.417286
0.415335
0.407192
0.402064
0.421852
0.397496
0.39124
0.388617
0.380819
0.376356
0.372629
0.364764
0.370688
0.380891
0.369491
0.38913
0.380473
0.372192
0.36985
0.387477
0.393203
0.407634
0.39613
0.381549
0.372558
0.38603
0.388158
0.409554
0.420967
0.430044
0.461162
0.443232
0.452114
0.46152
0.452373
0.415074
0.410517
0.415669
0.384292
0.370872
0.371062
0.364473
0.370895
0.366472
0.358824
0.358621
0.357805
0.363333
0.360201
0.38242
0.36471
0.366487
0.376347
0.364765
0.371896
0.357465
0.361386
0.362762
0.360302
0.364346
0.371775
0.361363
0.368042
0.357279
0.368175
0.372801
0.374437
0.384325
0.377848
0.374628
0.397555
0.438909
0.444775
0.454084
0.44094
0.445614
0.432934
0.434716
0.413774
0.44884
0.448906
0.447395
0.445437
0.441032
0.427358
0.443457
0.417878
0.399117
0.388366
0.371584
0.365986
0.372078
0.384847
0.378614
0.368906
0.373074
0.369449
0.366202
0.376659
0.37952
0.381271
0.397356
0.414164
0.425194
0.432826
0.44312
0.444424
0.446016
0.433954
0.458763
0.421604
0.436357
0.447259
0.452968
0.439852
0.444875
0.43774
0.4184
0.425415
0.449812
0.443675
0.450159
0.435901
0.409299
0.383153
0.371236
0.359146
0.365829
0.365226
0.36096
0.365373
0.359907
0.360144
0.371702
0.380124
0.363283
0.378976
0.36697
0.371667
0.363379
0.362323
0.368556
0.355124
0.370193
0.366166
0.358138
0.351988
0.361318
0.364424
0.365118
0.377511
0.379712
0.3915
0.377958
0.385441
0.386459
0.373851
0.372707
0.365242
0.372651
0.387774
0.41386
0.422017
0.410793
0.39941
0.397837
0.407814
0.408476
0.403843
0.416793
0.403517
0.403635
0.420533
0.427454
0.426306
0.448765
0.442214
0.457442
0.439074
0.409232
0.412271
0.409803
0.408827
0.414026
0.409361
0.410798
0.405382
0.415561
0.394026
0.421701
0.431238
0.428357
0.410142
0.395149
0.387612
0.397716
0.422266
0.391838
0.403888
0.41699
0.434198
0.442987
0.438993
0.452448
0.447174
0.449193
0.43844
0.418986
0.429764
0.448493
0.453892
0.417563
0.41604
0.417522
0.415424
0.42644
0.436289
0.450906
0.435184
0.424328
0.403176
0.414559
0.419111
0.440527
0.463443
0.432588
0.435984
0.439381
0.424225
0.441852
0.437605
0.42025
0.418301
0.402958
0.432231
0.463418
0.390242
0.386494
0.401964
0.409352
0.420005
0.475379
0.469303
0.449563
0.473517
0.495002
0.504524
0.494485
0.50084
0.508471
0.490481
0.494115
0.517646
0.50022
0.507692
0.496245
0.501919
0.52015
0.509025
0.472679
0.483362
0.511712
0.465411
0.483032
0.476899
0.470257
0.460307
0.472286
0.485714
0.486331
0.489225
0.513459
0.490425
0.460042
0.48287
0.471513
0.468596
0.478213
0.476179
0.509916
0.504155
0.520907
0.486129
0.469031
0.475362
0.468147
0.525205
0.492082
0.455143
0.468049
0.477423
0.484053
0.45962
0.448391
0.501759
0.46402
0.487413
0.49648
0.535572
0.50173
0.472506
0.440967
0.427631
0.420976
0.432846
0.423642
0.452384
0.471453
0.456432
0.442204
0.45596
0.476091
0.486348
0.48425
0.493324
0.466243
0.457632
0.462989
0.452242
0.4335
0.447517
0.441496
0.453657
0.455051
0.421276
0.424425
0.427496
0.435717
0.43392
0.4194
0.428185
0.437374
0.477488
0.486349
0.497916
0.49181
0.483353
0.481434
0.482024
0.493284
0.50376
0.456557
0.487263
0.493425
0.496961
0.499897
0.46962
0.444064
0.424875
0.431009
0.503705
0.496216
0.509751
0.521834
0.507727
0.495071
0.493848
0.512322
0.474158
0.434161
0.424111
0.452145
0.469884
0.47334
0.500268
0.510426
0.469418
0.492564
0.462116
0.468115
0.479325
0.460916
0.477942
0.479733
0.46843
0.414529
0.416939
0.420669
0.446239
0.468852
0.46868
0.471636
0.448957
0.453116
0.461089
0.451854
0.463787
0.469812
0.470999
0.461619
0.468145
0.454785
0.436789
0.444364
0.440257
0.409214
0.443038
0.420447
0.403326
0.409464
0.397853
0.379029
0.383473
0.398444
0.407685
0.409378
0.418917
0.411567
0.420222
0.415772
0.425839
0.402074
0.413734
0.405134
0.398038
0.414516
0.407281
0.391036
0.401263
0.413523
0.389613
0.376301
0.374058
0.369046
0.36627
0.369923
0.379572
0.377064
0.379179
0.385505
0.379995
0.392988
0.375117
0.3757
0.384145
0.395052
0.39398
0.380275
0.372392
0.378235
0.379045
0.360382
0.371291
0.390438
0.380038
0.380968
0.375974
0.373905
0.399012
0.404857
0.408642
0.410411
0.399097
0.388258
0.393595
0.386852
0.378027
0.371923
0.371298
0.369308
0.358658
0.367418
0.372553
0.370708
0.366526
0.389331
0.40437
0.410209
0.408734
0.395176
0.398103
0.399194
0.397134
0.393625
0.389065
0.40367
0.387382
0.391149
0.37518
0.379915
0.372129
0.370981
0.36483
0.366528
0.375107
0.366751
0.379226
0.388531
0.405991
0.427243
0.416809
0.472743
0.463553
0.476797
0.434142
0.432158
0.454692
0.440924
0.426444
0.447788
0.436584
0.4407
0.442615
0.445766
0.450541
0.441908
0.416691
0.419311
0.384482
0.397175
0.427801
0.447957
0.437497
0.41898
0.443067
0.434634
0.416583
0.399636
0.386758
0.385442
0.388458
0.40889
0.434235
0.438047
0.420321
0.422044
0.460649
0.406961
0.451055
0.456807
0.438281
0.452547
0.412085
0.435551
0.424817
0.404366
0.390098
0.393832
0.399277
0.40743
0.394361
0.430382
0.404798
0.386728
0.394676
0.40053
0.393161
0.392139
0.369526
0.367169
0.370961
0.35676
0.359659
0.365796
0.366595
0.379136
0.379573
0.386422
0.398386
0.420302
0.407733
0.472261
0.445256
0.465831
0.458985
0.452377
0.433313
0.418232
0.429841
0.430908
0.434378
0.444365
0.433741
0.439981
0.446645
0.448419
0.437026
0.415362
0.465148
0.422432
0.430718
0.429214
0.435344
0.433599
0.442457
0.447004
0.451999
0.449288
0.438053
0.474387
0.480794
0.415703
0.403498
0.399342
0.4148
0.416615
0.386745
0.38821
0.401593
0.386739
0.395897
0.394748
0.403314
0.397831
0.395424
0.377466
0.37854
0.372163
0.380381
0.384907
0.391675
0.379702
0.369932
0.366297
0.359626
0.366658
0.369047
0.378242
0.366772
0.360831
0.363996
0.380754
0.380066
0.403619
0.408929
0.403981
0.397011
0.398215
0.387666
0.387546
0.393577
0.420678
0.422587
0.401761
0.389723
0.387327
0.387719
0.386493
0.379532
0.37444
0.374186
0.380088
0.397857
0.402055
0.418578
0.444915
0.446314
0.41629
0.434587
0.452151
0.479231
0.471446
0.462514
0.447123
0.434742
0.403276
0.38249
0.371989
0.369218
0.361747
0.36707
0.369061
0.365439
0.365169
0.367453
0.375661
0.381824
0.382684
0.397966
0.388049
0.390883
0.388356
0.393815
0.389213
0.37402
0.374249
0.373065
0.370707
0.375667
0.3765
0.375859
0.378126
0.38703
0.396797
0.411074
0.442129
0.426415
0.433121
0.462482
0.47496
0.48317
0.469347
0.45924
0.451024
0.48024
0.458442
0.394938
0.452126
0.487024
0.421587
0.448861
0.471014
0.455521
0.465595
0.443303
0.462389
0.45233
0.457875
0.456971
0.494491
0.457789
0.477563
0.492984
0.489301
0.449566
0.41874
0.405576
0.473658
0.501631
0.469374
0.495876
0.481709
0.493855
0.481516
0.438433
0.431204
0.428385
0.417755
0.413479
0.415679
0.425075
0.422657
0.433948
0.441737
0.446478
0.421136
0.411586
0.423164
0.416734
0.398283
0.39717
0.400941
0.416903
0.426758
0.447025
0.427187
0.417303
0.40057
0.394521
0.414099
0.442319
0.442597
0.454149
0.458161
0.480108
0.463521
0.46405
0.444373
0.439793
0.430591
0.396944
0.386245
0.382346
0.387557
0.382459
0.375928
0.384513
0.378948
0.38352
0.374455
0.368782
0.367178
0.374379
0.370733
0.381762
0.369247
0.369896
0.381046
0.395517
0.396583
0.391436
0.39541
0.39768
0.410043
0.436905
0.444883
0.43585
0.400627
0.383411
0.377683
0.371137
0.372796
0.374571
0.372914
0.375053
0.39341
0.398284
0.402493
0.420565
0.46113
0.444957
0.450522
0.448155
0.472586
0.484637
0.496426
0.485304
0.530774
0.480355
0.464427
0.416131
0.441643
0.468475
0.454762
0.426131
0.431758
0.427387
0.443892
0.434263
0.451162
0.467351
0.455414
0.431325
0.468229
0.466881
0.460356
0.46146
0.404119
0.413445
0.445613
0.461572
0.448097
0.489326
0.475033
0.426416
0.399021
0.413611
0.43941
0.452432
0.411704
0.388837
0.386736
0.387288
0.392988
0.452735
0.486409
0.480317
0.49195
0.484391
0.445783
0.451459
0.425773
0.462839
0.458222
0.460819
0.459931
0.467254
0.484953
0.487255
0.474366
0.422171
0.418692
0.399622
0.396341
0.379913
0.385425
0.370878
0.374981
0.37652
0.386845
0.406585
0.386177
0.374835
0.380291
0.378299
0.365561
0.375324
0.379093
0.393239
0.435331
0.450121
0.43152
0.439217
0.46119
0.45962
0.434608
0.434841
0.429792
0.448783
0.437633
0.448178
0.431612
0.43314
0.438668
0.429985
0.414708
0.38651
0.385446
0.375357
0.37992
0.393737
0.405528
0.425267
0.437071
0.445844
0.42432
0.41758
0.400203
0.384675
0.392776
0.415095
0.429716
0.442347
0.438564
0.437055
0.426798
0.420506
0.41592
0.427446
0.437841
0.450168
0.445911
0.463968
0.453867
0.456407
0.445626
0.441186
0.444167
0.44335
0.429297
0.43108
0.42426
0.418732
0.426678
0.418634
0.408959
0.408958
0.383659
0.44353
0.457506
0.442036
0.429898
0.446642
0.475976
0.494844
0.423322
0.389193
0.401927
0.452284
0.429348
0.438604
0.439748
0.404006
0.379965
0.379599
0.381976
0.379322
0.382836
0.385883
0.380801
0.385073
0.385271
0.372751
0.386478
0.396435
0.413503
0.420299
0.410868
0.394543
0.384707
0.403187
0.430572
0.439282
0.418041
0.38972
0.390611
0.394287
0.407482
0.416388
0.418804
0.41028
0.425423
0.494496
0.486633
0.461056
0.500965
0.452931
0.391606
0.409995
0.400346
0.425529
0.434186
0.47122
0.507022
0.518311
0.515841
0.47091
0.411852
0.406138
0.405629
0.41432
0.407902
0.41221
0.403955
0.411082
0.409588
0.411022
0.413406
0.395088
0.398633
0.449933
0.510356
0.478452
0.515136
0.520047
0.459525
0.483226
0.420079
0.405476
0.400204
0.430341
0.481135
0.494881
0.456884
0.446718
0.496847
0.490553
0.495982
0.503112
0.505869
0.455392
0.443605
0.459913
0.495417
0.503083
0.488579
0.468104
0.408892
0.403085
0.406323
0.406255
0.405696
0.410639
0.404185
0.410421
0.410077
0.447184
0.438674
0.481346
0.48229
0.491869
0.466309
0.466985
0.457713
0.446342
0.447931
0.459455
0.443875
0.448459
0.469517
0.45576
0.449064
0.460008
0.413355
0.410461
0.413217
0.416713
0.425597
0.414298
0.417434
0.422152
0.446704
0.415002
0.401151
0.400513
0.379083
0.384237
0.405181
0.404016
0.404218
0.449327
0.455924
0.476313
0.467499
0.519785
0.497525
0.517926
0.506489
0.503836
0.511693
0.504436
0.503746
0.489686
0.46041
0.453036
0.422943
0.403872
0.400442
0.396664
0.39644
0.40638
0.470619
0.481603
0.479086
0.443786
0.442707
0.411847
0.402354
0.400076
0.404047
0.403355
0.398504
0.40146
0.391666
0.376349
0.380076
0.376637
0.377784
0.375839
0.382108
0.378659
0.377194
0.377231
0.382823
0.378247
0.401292
0.42132
0.41219
0.404026
0.394783
0.408614
0.406812
0.403594
0.390278
0.397548
0.399817
0.418488
0.391728
0.392038
0.433313
0.424145
0.376923
0.379637
0.377677
0.363976
0.371939
0.379639
0.377648
0.377789
0.390442
0.397456
0.398875
0.408239
0.422787
0.47098
0.458602
0.436912
0.462951
0.438495
0.439296
0.431677
0.45105
0.469892
0.462851
0.453934
0.445932
0.453696
0.415023
0.44915
0.455031
0.459741
0.459835
0.425853
0.415267
0.391321
0.38016
0.384782
0.397464
0.411384
0.424904
0.413885
0.395015
0.398709
0.397992
0.396106
0.399219
0.400712
0.410224
0.410536
0.441039
0.451871
0.443595
0.448096
0.427083
0.453774
0.41023
0.405098
0.42638
0.40713
0.452198
0.421372
0.399129
0.384358
0.383115
0.384526
0.379323
0.384553
0.396517
0.419301
0.455043
0.462774
0.47037
0.465465
0.482127
0.482947
0.481812
0.488877
0.454193
0.453873
0.471189
0.440458
0.452941
0.43076
0.452499
0.431217
0.428528
0.431866
0.414332
0.423662
0.446153
0.454256
0.446351
0.415295
0.398839
0.366421
0.376482
0.366412
0.371102
0.35739
0.367018
0.374014
0.371964
0.363862
0.37046
0.370475
0.37842
0.384557
0.379875
0.398775
0.40659
0.420593
0.4257
0.410677
0.408361
0.37878
0.375372
0.37707
0.371638
0.378874
0.386125
0.406053
0.406087
0.416169
0.405355
0.376896
0.364902
0.364687
0.367465
0.369847
0.370831
0.376318
0.389869
0.402684
0.414595
0.434586
0.452218
0.461347
0.426339
0.425308
0.429612
0.412162
0.466926
0.439074
0.458284
0.487626
0.458592
0.499168
0.488929
0.445102
0.449792
0.434378
0.433534
0.48109
0.416243
0.509516
0.448257
0.460954
0.433624
0.426202
0.404132
0.381279
0.387197
0.369434
0.385956
0.415144
0.40612
0.393512
0.384267
0.416651
0.45033
0.421651
0.393786
0.393508
0.388234
0.393224
0.415026
0.443649
0.401308
0.383371
0.389787
0.396714
0.462163
0.43024
0.449797
0.449339
0.428854
0.417892
0.417846
0.460549
0.433851
0.443993
0.459367
0.434337
0.4552
0.466777
0.459198
0.459449
0.455771
0.3999
0.443747
0.443063
0.416579
0.383651
0.430743
0.419636
0.439752
0.413567
0.396563
0.435376
0.438263
0.438383
0.426495
0.432679
0.459398
0.446354
0.446517
0.43129
0.470064
0.465992
0.463799
0.43196
0.432808
0.416813
0.42728
0.403575
0.409588
0.46406
0.443653
0.441576
0.437109
0.468724
0.455357
0.458373
0.451687
0.4401
0.448926
0.443856
0.421345
0.421446
0.418213
0.409542
0.424347
0.438341
0.466257
0.483116
0.485313
0.46748
0.488727
0.465418
0.49463
0.484763
0.466301
0.475928
0.475966
0.46394
0.453954
0.432056
0.431063
0.433234
0.436977
0.445442
0.446136
0.455621
0.446558
0.466462
0.453127
0.429963
0.451978
0.463056
0.465512
0.474784
0.483758
0.440028
0.463459
0.445035
0.455643
0.45114
0.43388
0.439532
0.45406
0.450428
0.442227
0.457555
0.462158
0.446342
0.438259
0.44513
0.447088
0.461156
0.468413
0.4566
0.45011
0.450064
0.458715
0.458844
0.461603
0.500242
0.483715
0.490212
0.492399
0.459302
0.407992
0.436824
0.487702
0.490624
0.499573
0.494946
0.477146
0.485796
0.487745
0.453991
0.465832
0.493464
0.478668
0.480687
0.491863
0.487167
0.501781
0.497935
0.502528
0.426874
0.469097
0.45249
0.422748
0.458006
0.41482
0.397564
0.38373
0.379764
0.367051
0.366615
0.36318
0.372966
0.371271
0.368084
0.374313
0.377463
0.390349
0.413559
0.439699
0.440221
0.427819
0.421039
0.4104
0.423667
0.430101
0.433844
0.452318
0.467985
0.471002
0.492446
0.478167
0.475592
0.478767
0.474811
0.477003
0.508112
0.48138
0.49224
0.45926
0.459876
0.447898
0.451395
0.458835
0.479091
0.429552
0.418978
0.413332
0.412528
0.405928
0.397045
0.401784
0.391373
0.401076
0.388506
0.398247
0.420019
0.441588
0.442376
0.409048
0.414234
0.416243
0.416633
0.413919
0.424963
0.39897
0.398726
0.408092
0.441254
0.427919
0.446126
0.442783
0.481017
0.443968
0.443836
0.417506
0.431617
0.437825
0.417054
0.439221
0.459248
0.463211
0.437146
0.429503
0.429623
0.443887
0.456283
0.475465
0.441506
0.389502
0.387598
0.38918
0.399081
0.403005
0.395298
0.392267
0.383348
0.379145
0.379481
0.38235
0.403498
0.440187
0.424308
0.398663
0.398659
0.40318
0.395685
0.384118
0.397976
0.409401
0.40137
0.449372
0.451533
0.442171
0.439272
0.435148
0.437935
0.444419
0.434327
0.436945
0.446576
0.429651
0.42878
0.39443
0.388129
0.378327
0.364894
0.35825
0.353888
0.362041
0.379376
0.388957
0.387645
0.369735
0.376267
0.388811
0.410057
0.409074
0.424651
0.398465
0.397555
0.380016
0.367793
0.366548
0.377287
0.399426
0.407974
0.388232
0.382574
0.378401
0.395182
0.409567
0.433129
0.413048
0.40985
0.4149
0.425808
0.442067
0.439516
0.440305
0.430203
0.446345
0.446552
0.452682
0.450023
0.416621
0.41777
0.400735
0.384392
0.381176
0.371561
0.366128
0.363113
0.360053
0.359576
0.361597
0.361203
0.362393
0.359731
0.368419
0.363639
0.368878
0.359138
0.372524
0.379731
0.37056
0.376966
0.388229
0.37688
0.395884
0.407655
0.363458
0.369982
0.387276
0.383589
0.387558
0.409796
0.432102
0.409922
0.389487
0.368204
0.359331
0.362936
0.368997
0.369174
0.373784
0.378459
0.396341
0.411991
0.400032
0.424948
0.439411
0.414386
0.385372
0.381083
0.370607
0.376729
0.360792
0.3686
0.372862
0.376413
0.380866
0.413933
0.430077
0.430375
0.393263
0.380158
0.372379
0.383495
0.398476
0.400147
0.389778
0.397846
0.401798
0.394931
0.410511
0.409763
0.413251
0.420296
0.41864
0.415497
0.479549
0.491604
0.52012
0.523066
0.514601
0.423136
0.504643
0.506084
0.426564
0.476081
0.479673
0.436988
0.407742
0.409471
0.395922
0.387923
0.392301
0.402143
0.433455
0.464745
0.391609
0.386907
0.378701
0.385065
0.389217
0.392687
0.412884
0.450112
0.436894
0.413136
0.421878
0.429435
0.441673
0.432646
0.445031
0.435046
0.405439
0.407487
0.407568
0.417678
0.433246
0.412152
0.39247
0.383289
0.387986
0.390553
0.390782
0.412033
0.422336
0.439944
0.445674
0.489427
0.50273
0.483623
0.495585
0.502116
0.461225
0.426757
0.408771
0.396204
0.422133
0.445757
0.440808
0.447299
0.454927
0.459833
0.496796
0.46259
0.464014
0.496709
0.451873
0.459485
0.435834
0.426796
0.417731
0.417712
0.428098
0.426932
0.430173
0.433894
0.440034
0.473471
0.465508
0.445878
0.46842
0.448552
0.437357
0.415221
0.430239
0.442305
0.462993
0.463218
0.46281
0.483522
0.497816
0.481374
0.465507
0.43618
0.407788
0.392212
0.3814
0.377753
0.380268
0.384957
0.370328
0.373166
0.363803
0.374482
0.366907
0.362826
0.379834
0.372852
0.376257
0.372957
0.370535
0.365744
0.371223
0.369367
0.366259
0.375998
0.373055
0.374753
0.391171
0.392658
0.410754
0.424053
0.440524
0.460344
0.457665
0.441706
0.435788
0.456655
0.478202
0.468056
0.472994
0.456609
0.462344
0.458511
0.454371
0.423643
0.462568
0.432025
0.431126
0.433629
0.444016
0.491689
0.40801
0.425468
0.466202
0.429601
0.466552
0.446819
0.481124
0.460883
0.440716
0.456676
0.471489
0.454657
0.429137
0.410549
0.400583
0.392337
0.401292
0.434949
0.430284
0.431439
0.440774
0.458237
0.4595
0.458349
0.452017
0.4452
0.434436
0.432567
0.441842
0.454603
0.467283
0.489449
0.502714
0.471404
0.456306
0.459717
0.449075
0.44844
0.466976
0.470723
0.511832
0.512299
0.50166
0.535365
0.53868
0.50949
0.515971
0.511573
0.509204
0.518277
0.515984
0.532723
0.533418
0.498794
0.481697
0.493224
0.537509
0.480048
0.476088
0.492977
0.492015
0.481867
0.479407
0.489914
0.479388
0.467991
0.464075
0.471546
0.473795
0.448213
0.424313
0.42851
0.425229
0.419427
0.420245
0.419932
0.38563
0.391951
0.422457
0.385445
0.378041
0.388037
0.388343
0.368716
0.38037
0.380977
0.373106
0.375609
0.3795
0.387217
0.403886
0.404666
0.387854
0.405388
0.425861
0.423217
0.401758
0.397354
0.393579
0.409051
0.402382
0.381681
0.384883
0.38309
0.376278
0.366683
0.378233
0.376002
0.381621
0.376729
0.382588
0.381294
0.387106
0.398143
0.430614
0.418623
0.434262
0.434001
0.45251
0.445982
0.451687
0.429032
0.443992
0.422161
0.406341
0.40761
0.394184
0.389556
0.376226
0.371604
0.37227
0.391812
0.386993
0.393288
0.375851
0.3732
0.378655
0.380978
0.387234
0.420611
0.493331
0.498809
0.492693
0.485266
0.498896
0.495418
0.431922
0.423825
0.420983
0.432428
0.410641
0.400406
0.39304
0.40642
0.40606
0.415907
0.41893
0.410993
0.418744
0.393581
0.393348
0.40888
0.437678
0.428708
0.457596
0.427501
0.415571
0.416262
0.417042
0.403226
0.401213
0.41761
0.420797
0.426454
0.438422
0.423658
0.418291
0.426071
0.448715
0.443207
0.434178
0.430592
0.430874
0.424613
0.458413
0.439317
0.406494
0.395021
0.380995
0.391541
0.392925
0.416259
0.441341
0.461772
0.453476
0.444023
0.409056
0.389262
0.386516
0.400161
0.437198
0.456354
0.432928
0.420918
0.387044
0.373841
0.370455
0.372091
0.372079
0.367559
0.377884
0.37969
0.414846
0.453095
0.453436
0.4473
0.446691
0.423965
0.418582
0.459381
0.445347
0.458817
0.478384
0.449711
0.490079
0.478514
0.499168
0.488857
0.46993
0.473158
0.46638
0.461491
0.4878
0.490538
0.482534
0.451038
0.481913
0.455898
0.453307
0.433182
0.460929
0.42749
0.452659
0.445539
0.428974
0.460413
0.464698
0.441424
0.45694
0.420928
0.43767
0.432212
0.444369
0.450808
0.411038
0.435745
0.407812
0.418725
0.413729
0.411874
0.402416
0.411423
0.394387
0.412244
0.419621
0.422247
0.43652
0.429867
0.460023
0.440132
0.428864
0.426274
0.384413
0.443316
0.403017
0.503195
0.486585
0.449153
0.459018
0.486693
0.473541
0.491025
0.490753
0.43368
0.42158
0.439312
0.415623
0.414049
0.433411
0.454058
0.452179
0.450298
0.479856
0.48851
0.484235
0.481126
0.449237
0.4702
0.483347
0.459022
0.460531
0.420629
0.459042
0.489621
0.471112
0.465599
0.473777
0.429023
0.474073
0.45777
0.457124
0.410571
0.463136
0.394343
0.4445
0.441659
0.46268
0.448794
0.446671
0.424479
0.424698
0.422721
0.449168
0.448361
0.434305
0.447241
0.438301
0.443775
0.44503
0.401663
0.442576
0.432449
0.448819
0.465795
0.393569
0.405078
0.401274
0.428897
0.451068
0.432737
0.408698
0.402571
0.40543
0.411503
0.4148
0.443152
0.41975
0.455895
0.417627
0.381392
0.379708
0.381682
0.381835
0.38039
0.401107
0.440358
0.430773
0.451933
0.447455
0.431439
0.397325
0.384774
0.39066
0.403625
0.42234
0.410006
0.391056
0.376286
0.375585
0.376791
0.383954
0.378554
0.377434
0.388087
0.384913
0.401757
0.410999
0.432084
0.417308
0.403916
0.384417
0.373602
0.376536
0.38969
0.398678
0.41243
0.403062
0.409579
0.411457
0.415249
0.425184
0.410532
0.408015
0.408397
0.424467
0.410266
0.41185
0.411646
0.409676
0.42112
0.455122
0.455344
0.387417
0.375161
0.378522
0.398265
0.373832
0.374718
0.381768
0.3932
0.394862
0.382369
0.374278
0.376191
0.373972
0.387267
0.40012
0.419562
0.407541
0.43213
0.427802
0.423117
0.39752
0.424
0.440693
0.461381
0.452648
0.430641
0.442016
0.425864
0.434276
0.45545
0.456695
0.447779
0.442908
0.458704
0.436897
0.422312
0.419905
0.424353
0.380543
0.410371
0.410713
0.43407
0.420964
0.453957
0.461742
0.461981
0.460412
0.481779
0.451212
0.455601
0.432442
0.432581
0.439843
0.418471
0.420405
0.436108
0.423974
0.446315
0.446483
0.486736
0.49158
0.446014
0.412285
0.471899
0.523997
0.45662
0.500189
0.455844
0.467988
0.489075
0.454079
0.424749
0.431385
0.434156
0.45098
0.458594
0.502516
0.4508
0.441096
0.446132
0.418426
0.422342
0.402838
0.394649
0.413459
0.430291
0.442448
0.432633
0.445677
0.423129
0.476017
0.468715
0.478428
0.454012
0.455531
0.441801
0.453762
0.439842
0.424132
0.428421
0.429121
0.432231
0.436882
0.438613
0.436881
0.450507
0.473037
0.48591
0.473922
0.507915
0.473251
0.484262
0.46968
0.473863
0.474125
0.480837
0.492663
0.490133
0.486756
0.46884
0.457015
0.464248
0.41975
0.455093
0.442272
0.414761
0.409308
0.399443
0.419995
0.431399
0.425144
0.447128
0.454395
0.429129
0.406686
0.424988
0.40492
0.410244
0.40898
0.388773
0.393615
0.4007
0.436047
0.432589
0.432337
0.420827
0.435769
0.428332
0.450539
0.414468
0.400437
0.411665
0.400049
0.394193
0.402245
0.397767
0.393737
0.399196
0.407692
0.398506
0.39626
0.40483
0.409915
0.44021
0.426073
0.422254
0.41757
0.422468
0.411251
0.398316
0.380915
0.379248
0.368604
0.370806
0.36836
0.35772
0.3629
0.370601
0.380043
0.393477
0.415418
0.405799
0.424895
0.437225
0.417048
0.418828
0.412376
0.415273
0.423318
0.429466
0.437321
0.422773
0.407555
0.414656
0.429839
0.427963
0.433635
0.431029
0.429135
0.434991
0.411082
0.391255
0.403752
0.421394
0.410241
0.407172
0.415053
0.421439
0.427335
0.426605
0.419975
0.412166
0.406596
0.401785
0.405568
0.392149
0.376072
0.375197
0.392036
0.39845
0.381311
0.381744
0.385403
0.391682
0.384852
0.376498
0.382544
0.384881
0.401651
0.399526
0.40406
0.402683
0.395843
0.374389
0.369174
0.370416
0.379894
0.366012
0.367994
0.391348
0.395852
0.406126
0.390351
0.38488
0.369997
0.375032
0.369088
0.365922
0.379174
0.380752
0.396427
0.409321
0.405298
0.381499
0.379313
0.375376
0.376426
0.397501
0.411685
0.436505
0.465148
0.40076
0.437894
0.432522
0.441383
0.418578
0.447373
0.445753
0.447523
0.438257
0.472364
0.442467
0.44525
0.456583
0.424828
0.453544
0.446172
0.441166
0.423204
0.428831
0.404893
0.431856
0.418077
0.392638
0.399504
0.389617
0.375993
0.374613
0.374207
0.362657
0.372125
0.373199
0.359506
0.362708
0.370132
0.364113
0.355356
0.355792
0.376229
0.378772
0.391332
0.365738
0.392761
0.37841
0.39705
0.391787
0.414677
0.413742
0.393313
0.396551
0.396637
0.423774
0.414807
0.396073
0.383323
0.377398
0.377552
0.365872
0.371613
0.381936
0.385806
0.403055
0.396772
0.386705
0.383343
0.385423
0.392729
0.418487
0.427223
0.440218
0.437411
0.439091
0.433707
0.480899
0.490402
0.509138
0.512885
0.494959
0.476982
0.491397
0.474555
0.501649
0.492183
0.453746
0.434459
0.455924
0.426893
0.420515
0.405079
0.398495
0.38206
0.379698
0.373901
0.366056
0.369863
0.371221
0.385431
0.396958
0.42963
0.443291
0.418443
0.45055
0.445525
0.434947
0.431344
0.42369
0.401129
0.425637
0.4484
0.439457
0.439221
0.45709
0.453862
0.42634
0.437292
0.44159
0.450112
0.41627
0.396853
0.38213
0.391671
0.396079
0.390336
0.384023
0.385079
0.383418
0.385115
0.386644
0.397668
0.472653
0.462717
0.461826
0.485117
0.455814
0.459039
0.478828
0.466167
0.483351
0.472999
0.497079
0.493184
0.499386
0.496215
0.436291
0.402865
0.388896
0.451525
0.530883
0.551366
0.539525
0.536189
0.531479
0.52983
0.545356
0.502742
0.418964
0.405303
0.395455
0.438535
0.479372
0.466427
0.445367
0.455087
0.444118
0.447535
0.453464
0.457806
0.424279
0.45027
0.462932
0.439691
0.44846
0.450304
0.447004
0.448494
0.410332
0.421904
0.413571
0.402261
0.436389
0.421837
0.424299
0.40117
0.420862
0.424265
0.411281
0.390913
0.396153
0.424987
0.43022
0.435087
0.412533
0.404677
0.393926
0.408948
0.413057
0.415074
0.429355
0.449292
0.444579
0.431709
0.433975
0.451482
0.429919
0.447656
0.44475
0.448472
0.441496
0.413266
0.421663
0.419389
0.419489
0.393873
0.393067
0.380292
0.376715
0.373112
0.380396
0.398493
0.406874
0.438142
0.416968
0.405779
0.400664
0.393222
0.385269
0.375027
0.365997
0.363183
0.366219
0.355323
0.360905
0.366086
0.367389
0.372673
0.370349
0.375941
0.371625
0.373949
0.359627
0.373179
0.381295
0.386366
0.404261
0.39887
0.385674
0.381181
0.368154
0.360791
0.383018
0.388939
0.376088
0.398787
0.410328
0.426129
0.38143
0.377113
0.374454
0.387879
0.378057
0.383682
0.395276
0.413304
0.426363
0.423639
0.440589
0.433255
0.418073
0.390894
0.385933
0.38601
0.371353
0.36477
0.369097
0.360754
0.370523
0.371225
0.382246
0.400851
0.428371
0.416694
0.410274
0.401257
0.425481
0.419558
0.445708
0.444016
0.437832
0.451248
0.446677
0.450481
0.429267
0.435223
0.441081
0.439718
0.42774
0.432095
0.435604
0.44078
0.44054
0.439793
0.431486
0.45018
0.472116
0.447432
0.433615
0.411476
0.432545
0.456507
0.416175
0.400179
0.390197
0.387899
0.375853
0.369828
0.377561
0.386366
0.40109
0.400416
0.417261
0.424955
0.421732
0.43202
0.467296
0.49959
0.479334
0.497822
0.446505
0.467109
0.477843
0.456355
0.434216
0.385932
0.369212
0.374821
0.37293
0.390682
0.455789
0.473942
0.462239
0.483734
0.46761
0.428543
0.477313
0.492658
0.443143
0.442296
0.481008
0.479931
0.457746
0.481068
0.435212
0.456505
0.414068
0.404303
0.407385
0.422256
0.47601
0.439596
0.423504
0.401957
0.393031
0.389299
0.383154
0.382132
0.382522
0.396893
0.387671
0.426593
0.431094
0.409275
0.416171
0.393332
0.378823
0.37519
0.378953
0.37509
0.37137
0.373095
0.37121
0.369155
0.371354
0.365728
0.375181
0.381329
0.399205
0.408811
0.408325
0.403966
0.399797
0.391475
0.388804
0.390984
0.40403
0.413688
0.416833
0.428039
0.450921
0.451619
0.450533
0.45213
0.436165
0.415595
0.398321
0.396168
0.402786
0.391272
0.41178
0.4504
0.428383
0.410582
0.404773
0.408507
0.441007
0.442085
0.409429
0.401117
0.387622
0.390259
0.393582
0.388077
0.389095
0.393466
0.376893
0.381216
0.385574
0.378191
0.372532
0.387455
0.38366
0.390532
0.393296
0.393868
0.395768
0.406894
0.421344
0.402844
0.395345
0.389927
0.405373
0.444417
0.453628
0.446501
0.483389
0.454027
0.461998
0.47341
0.402443
0.437504
0.46653
0.45377
0.448603
0.430916
0.428194
0.460396
0.465665
0.463276
0.463973
0.426236
0.411544
0.387347
0.383701
0.380097
0.37611
0.380369
0.374472
0.366612
0.361576
0.363782
0.358556
0.36296
0.368376
0.38072
0.386444
0.405263
0.399161
0.381674
0.372396
0.374993
0.362512
0.367445
0.372329
0.389932
0.407144
0.43418
0.45606
0.436247
0.422606
0.435258
0.430384
0.420039
0.415056
0.419476
0.432914
0.442615
0.461319
0.424989
0.41735
0.40171
0.40135
0.391211
0.391236
0.39602
0.415111
0.440525
0.41937
0.412443
0.430431
0.457264
0.458134
0.455612
0.479631
0.457364
0.431729
0.475647
0.46458
0.471424
0.454455
0.472463
0.458707
0.471004
0.458409
0.452379
0.463209
0.464697
0.454883
0.38289
0.441324
0.479781
0.480302
0.451139
0.431312
0.432509
0.410816
0.409565
0.427051
0.446835
0.447495
0.491877
0.468796
0.4616
0.437418
0.434203
0.504866
0.498912
0.456998
0.469527
0.497275
0.472998
0.477499
0.476692
0.479107
0.46561
0.478441
0.420084
0.439984
0.413995
0.454776
0.447402
0.442776
0.436035
0.431858
0.454344
0.434883
0.42548
0.415019
0.452644
0.433836
0.423758
0.418325
0.418778
0.421793
0.423419
0.435116
0.445329
0.4459
0.467025
0.44878
0.465417
0.472524
0.452925
0.465864
0.479123
0.499332
0.483897
0.505577
0.464348
0.465282
0.47731
0.423383
0.428733
0.440742
0.465007
0.474616
0.477986
0.432296
0.45348
0.482189
0.40795
0.383507
0.394722
0.426325
0.475058
0.447459
0.450007
0.473529
0.479152
0.486578
0.452529
0.487225
0.471277
0.437244
0.405504
0.431991
0.444486
0.489008
0.468986
0.478708
0.437252
0.48945
0.457044
0.419857
0.489202
0.425999
0.443428
0.438534
0.450514
0.463137
0.451504
0.444156
0.449641
0.443196
0.48594
0.472173
0.465137
0.427107
0.443355
0.442525
0.454734
0.412105
0.44496
0.478841
0.428479
0.429046
0.41163
0.473036
0.420825
0.403736
0.421051
0.428959
0.430366
0.429886
0.447794
0.478102
0.474294
0.480328
0.474813
0.470476
0.456589
0.442268
0.43281
0.426207
0.434143
0.429422
0.410692
0.39564
0.38675
0.378516
0.369322
0.373689
0.37632
0.381605
0.386376
0.392677
0.422366
0.435477
0.411152
0.476513
0.498507
0.471737
0.513434
0.48623
0.473345
0.468511
0.466248
0.478054
0.434285
0.478925
0.495194
0.471657
0.516678
0.476322
0.449715
0.502464
0.481303
0.486347
0.470717
0.439874
0.416474
0.43853
0.487564
0.485656
0.490481
0.472783
0.475277
0.457497
0.476663
0.4926
0.502687
0.45702
0.479339
0.499282
0.48836
0.437577
0.469936
0.48923
0.432814
0.432869
0.391846
0.425378
0.46292
0.381701
0.454997
0.462671
0.46318
0.448055
0.445686
0.45757
0.449829
0.480662
0.455899
0.44541
0.392286
0.451059
0.459696
0.465885
0.462653
0.428455
0.400329
0.427312
0.404638
0.401961
0.398505
0.39244
0.38832
0.400242
0.407031
0.424018
0.458048
0.474646
0.489973
0.48672
0.495975
0.49078
0.486918
0.493315
0.49239
0.484448
0.517089
0.471304
0.519198
0.507665
0.497112
0.500769
0.501578
0.512108
0.512958
0.484704
0.525557
0.499417
0.523037
0.511584
0.516722
0.520475
0.497656
0.474205
0.530999
0.516534
0.498667
0.507246
0.477742
0.458782
0.458513
0.419388
0.419146
0.432897
0.452295
0.473691
0.442514
0.408844
0.443672
0.436825
0.463697
0.415536
0.406851
0.383769
0.379331
0.384613
0.372038
0.387636
0.394659
0.402363
0.425318
0.46442
0.422997
0.462744
0.436735
0.411006
0.405792
0.386664
0.385445
0.403211
0.396846
0.424975
0.402785
0.394648
0.38862
0.420962
0.421256
0.447786
0.45338
0.420883
0.421688
0.406522
0.393379
0.38106
0.373319
0.377401
0.376228
0.391202
0.419639
0.418782
0.419728
0.465701
0.44268
0.458862
0.458702
0.476404
0.447863
0.439321
0.447205
0.438079
0.454179
0.450815
0.454672
0.448951
0.448317
0.4498
0.44958
0.4514
0.46694
0.435279
0.447425
0.445639
0.451133
0.448153
0.446745
0.449418
0.446181
0.452831
0.448951
0.441521
0.453437
0.454115
0.455471
0.456184
0.423848
0.41885
0.420854
0.448393
0.422226
0.415568
0.426686
0.431716
0.41216
0.413601
0.40609
0.451939
0.47211
0.45353
0.460405
0.427073
0.440934
0.452309
0.420521
0.416274
0.407926
0.425188
0.428755
0.400846
0.41119
0.426389
0.411
0.417297
0.450994
0.467228
0.400504
0.382198
0.394579
0.383655
0.387258
0.405185
0.399745
0.395333
0.394574
0.412067
0.414153
0.387741
0.376767
0.372649
0.365841
0.368219
0.371505
0.364708
0.367173
0.382087
0.378771
0.369316
0.379234
0.387437
0.407134
0.417387
0.402864
0.415653
0.394216
0.390039
0.379594
0.385604
0.376342
0.369856
0.376254
0.361017
0.360675
0.378657
0.390783
0.400304
0.404311
0.400045
0.401904
0.385429
0.378317
0.374794
0.382446
0.374219
0.374867
0.365283
0.371212
0.363071
0.367073
0.362295
0.375826
0.361842
0.372017
0.391179
0.381648
0.366044
0.370367
0.380907
0.394408
0.401728
0.407654
0.414001
0.418379
0.41416
0.42215
0.395853
0.421576
0.402206
0.405146
0.405333
0.420505
0.439918
0.438635
0.445822
0.425479
0.414482
0.451959
0.388621
0.409331
0.403686
0.423164
0.414057
0.389713
0.384653
0.410472
0.391354
0.388008
0.383503
0.400311
0.415347
0.412674
0.394324
0.377465
0.372441
0.371169
0.364574
0.362492
0.371166
0.367159
0.358794
0.377677
0.367425
0.360715
0.366947
0.366547
0.364824
0.362793
0.366994
0.384207
0.392167
0.395712
0.397678
0.386836
0.374003
0.369347
0.377761
0.360417
0.364689
0.370873
0.37042
0.379767
0.369955
0.371331
0.389897
0.410321
0.432473
0.440926
0.43276
0.421642
0.448591
0.426111
0.438684
0.43271
0.430333
0.435597
0.43095
0.438506
0.431507
0.416772
0.41663
0.421344
0.431368
0.451422
0.426438
0.418604
0.412449
0.386014
0.387646
0.412207
0.426167
0.439525
0.443477
0.442952
0.477197
0.462244
0.447315
0.382001
0.438726
0.42469
0.397409
0.365469
0.380144
0.450547
0.43645
0.407532
0.442505
0.465553
0.473541
0.451286
0.448272
0.448937
0.43271
0.42156
0.446913
0.45311
0.442785
0.436229
0.432669
0.464363
0.469498
0.446757
0.433521
0.457879
0.441348
0.481627
0.443737
0.462227
0.468205
0.4595
0.452739
0.470957
0.476832
0.483742
0.478617
0.438427
0.424074
0.4212
0.42913
0.435612
0.419216
0.400098
0.384718
0.389312
0.387126
0.386606
0.381509
0.386767
0.395133
0.404809
0.420056
0.447158
0.407758
0.391713
0.373906
0.370052
0.37277
0.370631
0.362979
0.370777
0.36823
0.366312
0.368816
0.365564
0.375543
0.384618
0.378591
0.373931
0.363649
0.364605
0.368832
0.375627
0.381235
0.399875
0.417544
0.427764
0.430071
0.410753
0.45978
0.46294
0.438322
0.445105
0.473805
0.451199
0.42111
0.470791
0.394678
0.385778
0.431055
0.46562
0.469631
0.496439
0.412778
0.45793
0.477576
0.442507
0.468598
0.446877
0.475428
0.478012
0.49025
0.480567
0.485494
0.459332
0.47549
0.46675
0.462214
0.457015
0.457473
0.450635
0.456729
0.485822
0.480101
0.515988
0.465026
0.479522
0.454885
0.462286
0.447026
0.46648
0.483493
0.472309
0.47832
0.469991
0.484139
0.478848
0.488453
0.478286
0.519559
0.516239
0.527209
0.521697
0.483521
0.418797
0.396588
0.386636
0.39094
0.393305
0.38995
0.389334
0.392827
0.387221
0.423321
0.413683
0.441862
0.443819
0.463066
0.444416
0.426737
0.422956
0.405494
0.417314
0.402198
0.388707
0.37859
0.383968
0.376594
0.420709
0.414704
0.435757
0.396619
0.39153
0.385082
0.379319
0.382526
0.375945
0.395956
0.393655
0.394619
0.433119
0.403975
0.388526
0.383714
0.375
0.386556
0.399539
0.418351
0.42202
0.431874
0.402051
0.41308
0.41814
0.396228
0.395934
0.389299
0.398301
0.4072
0.407976
0.419004
0.448069
0.44399
0.417561
0.380105
0.400455
0.434175
0.417714
0.403262
0.392789
0.397528
0.387812
0.395212
0.416559
0.404617
0.392951
0.388839
0.38642
0.386018
0.386631
0.385013
0.394316
0.413027
0.403797
0.386408
0.406555
0.403928
0.405764
0.401436
0.40384
0.428898
0.421665
0.414083
0.403587
0.426011
0.404375
0.424598
0.415924
0.403883
0.400985
0.399268
0.406726
0.422184
0.41989
0.433878
0.440092
0.443571
0.443999
0.440748
0.40737
0.387708
0.382613
0.377766
0.384276
0.380745
0.372128
0.37099
0.367607
0.378721
0.386848
0.405801
0.426931
0.438676
0.432915
0.415278
0.414135
0.441571
0.424787
0.420611
0.431628
0.414264
0.435795
0.444364
0.425989
0.381806
0.415771
0.418838
0.421028
0.399162
0.399721
0.411117
0.449101
0.434185
0.436943
0.425918
0.411998
0.420139
0.431341
0.429955
0.411154
0.440608
0.418365
0.414505
0.434563
0.459115
0.455039
0.442912
0.449158
0.438095
0.421271
0.399381
0.406963
0.394417
0.394757
0.404413
0.430021
0.446507
0.443525
0.442317
0.431627
0.426907
0.431847
0.417132
0.413733
0.437292
0.461316
0.442002
0.446058
0.450094
0.448627
0.451268
0.438032
0.434274
0.436948
0.452785
0.441822
0.440266
0.432558
0.439533
0.43681
0.450987
0.442701
0.418598
0.412053
0.428719
0.439107
0.451124
0.475347
0.4903
0.47803
0.402293
0.434151
0.43537
0.429893
0.430342
0.452835
0.467179
0.458086
0.493937
0.477806
0.447967
0.465903
0.478535
0.474288
0.460934
0.45397
0.438083
0.470225
0.467112
0.491326
0.480733
0.452303
0.500644
0.470995
0.487145
0.484283
0.474288
0.471275
0.445944
0.443315
0.460237
0.464038
0.470454
0.43911
0.456406
0.450076
0.449793
0.454582
0.457763
0.453044
0.456589
0.445265
0.457566
0.400197
0.386959
0.396838
0.407408
0.407989
0.411981
0.41006
0.436574
0.455492
0.439324
0.411544
0.442984
0.437048
0.412912
0.391369
0.399772
0.402996
0.403375
0.404705
0.404787
0.398688
0.403993
0.408077
0.406924
0.403816
0.434102
0.433768
0.438929
0.416423
0.415804
0.432787
0.46566
0.452085
0.435557
0.427851
0.447166
0.428013
0.423916
0.420736
0.421595
0.437041
0.434938
0.439037
0.442872
0.442785
0.462606
0.468874
0.476671
0.450107
0.416091
0.407486
0.389825
0.389471
0.394066
0.407893
0.402596
0.39693
0.391921
0.381289
0.377902
0.382447
0.396907
0.384444
0.404853
0.38364
0.374115
0.369131
0.372086
0.373962
0.368701
0.367641
0.370719
0.395723
0.411954
0.396454
0.404744
0.392977
0.387755
0.373686
0.365832
0.369153
0.373265
0.37562
0.393042
0.382164
0.39151
0.376284
0.378801
0.374351
0.388366
0.375536
0.371435
0.37685
0.374133
0.365011
0.370957
0.372256
0.359664
0.361476
0.365518
0.368751
0.358768
0.361041
0.375077
0.387182
0.37295
0.384493
0.387337
0.412569
0.407206
0.418396
0.397121
0.42097
0.41974
0.424069
0.444057
0.432966
0.396011
0.429161
0.439681
0.456157
0.430523
0.437451
0.424502
0.442045
0.445578
0.444889
0.450645
0.420255
0.41746
0.402293
0.425588
0.441088
0.4467
0.440185
0.439007
0.445704
0.452652
0.416863
0.450821
0.450651
0.44607
0.439433
0.419904
0.421256
0.436768
0.424944
0.409953
0.413738
0.419313
0.410337
0.394923
0.419568
0.432868
0.428036
0.428984
0.432413
0.407193
0.401559
0.380319
0.405323
0.411239
0.403753
0.386084
0.374289
0.375381
0.391001
0.41411
0.40214
0.425603
0.419506
0.442646
0.438006
0.426106
0.409451
0.393865
0.383965
0.402302
0.402469
0.417178
0.41466
0.410292
0.400158
0.393938
0.415541
0.423523
0.445431
0.443834
0.446271
0.43188
0.42873
0.430643
0.435113
0.442209
0.431165
0.428541
0.41224
0.405857
0.408093
0.401191
0.36991
0.370379
0.375572
0.384244
0.381379
0.391124
0.408392
0.407304
0.37476
0.360199
0.376715
0.378692
0.374063
0.379925
0.395031
0.425013
0.432946
0.431272
0.42524
0.424914
0.425901
0.42686
0.419981
0.426903
0.420469
0.427446
0.423254
0.422463
0.424139
0.422176
0.420852
0.424
0.423577
0.425604
0.427124
0.440294
0.456267
0.454465
0.407747
0.394272
0.406881
0.411247
0.406332
0.39579
0.393488
0.402602
0.401546
0.403904
0.411349
0.439611
0.429235
0.431827
0.419232
0.421497
0.406476
0.404562
0.401176
0.40305
0.419496
0.400642
0.413119
0.408767
0.404139
0.411989
0.39793
0.401151
0.392429
0.428662
0.411479
0.401025
0.401299
0.410627
0.421365
0.427196
0.421396
0.405802
0.412609
0.417474
0.441478
0.441788
0.462808
0.412219
0.458376
0.400917
0.40095
0.445474
0.449837
0.448751
0.427027
0.426507
0.413462
0.401547
0.423671
0.433523
0.463481
0.467954
0.448404
0.468854
0.471953
0.486332
0.517834
0.487402
0.46426
0.444094
0.404452
0.407292
0.45934
0.423333
0.42766
0.406898
0.417816
0.446128
0.421345
0.427404
0.428803
0.428448
0.444497
0.464211
0.444801
0.463084
0.447508
0.442891
0.482714
0.458902
0.410668
0.45371
0.443673
0.461274
0.454381
0.458291
0.452703
0.439402
0.458011
0.459649
0.431753
0.446116
0.465494
0.426083
0.405899
0.391879
0.391733
0.386353
0.397982
0.414411
0.427102
0.396485
0.386904
0.384624
0.373839
0.381574
0.368739
0.371339
0.374292
0.386622
0.373616
0.381578
0.388211
0.422144
0.442751
0.413628
0.413415
0.410548
0.417901
0.418517
0.41241
0.40834
0.413583
0.434288
0.413994
0.408068
0.415509
0.418373
0.407957
0.436485
0.425704
0.413241
0.426702
0.444159
0.447467
0.442323
0.448109
0.430938
0.438946
0.449599
0.437324
0.431529
0.405798
0.410405
0.404648
0.394546
0.383237
0.381401
0.414265
0.438933
0.420524
0.396913
0.438114
0.438615
0.418654
0.406219
0.413982
0.412221
0.414284
0.410241
0.436727
0.457272
0.480852
0.469861
0.469447
0.453085
0.484284
0.455213
0.434149
0.412267
0.410191
0.435904
0.445562
0.427141
0.438316
0.431693
0.432014
0.418691
0.408989
0.417138
0.413631
0.446589
0.444053
0.430494
0.451385
0.462494
0.436605
0.428496
0.421659
0.429072
0.432704
0.444922
0.421669
0.434562
0.463651
0.473196
0.453414
0.470902
0.463471
0.443178
0.450951
0.432308
0.441713
0.45378
0.455167
0.458616
0.464532
0.430839
0.451574
0.443573
0.451587
0.440212
0.442731
0.433878
0.4054
0.396523
0.406366
0.449699
0.464815
0.470893
0.484755
0.472762
0.483111
0.454085
0.454061
0.427005
0.404998
0.410334
0.416782
0.437246
0.410618
0.417083
0.415713
0.427927
0.41324
0.394055
0.390888
0.402436
0.43465
0.434394
0.43175
0.454788
0.438058
0.43886
0.444631
0.457805
0.430669
0.414409
0.423132
0.437227
0.418303
0.422455
0.423927
0.436611
0.417986
0.439021
0.423429
0.449448
0.413428
0.40253
0.381048
0.373406
0.368654
0.365645
0.361144
0.366286
0.365904
0.368524
0.357677
0.354376
0.359945
0.359753
0.3594
0.367697
0.363555
0.365994
0.363432
0.366742
0.363665
0.374753
0.388634
0.39986
0.395567
0.396687
0.408965
0.395388
0.387215
0.370334
0.369315
0.358878
0.364447
0.360841
0.356612
0.358918
0.360309
0.360643
0.359658
0.356338
0.362101
0.358857
0.369331
0.365518
0.365764
0.366924
0.373076
0.359056
0.352384
0.357367
0.363223
0.361229
0.367542
0.362455
0.361786
0.361513
0.355614
0.362318
0.366738
0.364228
0.365351
0.364472
0.372479
0.362056
0.360426
0.357148
0.379685
0.386214
0.399147
0.414303
0.429279
0.405884
0.406082
0.408441
0.396025
0.392053
0.390936
0.398663
0.420373
0.420073
0.391849
0.387829
0.394352
0.424456
0.383746
0.413303
0.418073
0.398866
0.390482
0.410494
0.404367
0.399392
0.41196
0.407112
0.415265
0.388047
0.390679
0.366791
0.365509
0.362001
0.364574
0.3571
0.357466
0.358882
0.360947
0.360486
0.362627
0.359654
0.369287
0.37232
0.363318
0.364157
0.364256
0.360495
0.364285
0.366092
0.361637
0.367939
0.359992
0.357679
0.369038
0.365876
0.366376
0.373061
0.374316
0.3849
0.398449
0.398792
0.389712
0.372492
0.374376
0.376237
0.381379
0.389428
0.396935
0.389529
0.403568
0.428971
0.448332
0.440578
0.463294
0.451319
0.410005
0.40258
0.405265
0.420396
0.438001
0.438518
0.443366
0.457267
0.47295
0.457123
0.456369
0.44628
0.445528
0.415521
0.421472
0.404073
0.386322
0.385922
0.369048
0.379568
0.384852
0.411395
0.389465
0.389866
0.406844
0.387048
0.389737
0.405717
0.42159
0.393601
0.387495
0.384498
0.410734
0.416734
0.426269
0.444082
0.426024
0.429435
0.422672
0.407109
0.40503
0.42523
0.41404
0.398513
0.389361
0.383936
0.399416
0.41751
0.43665
0.426595
0.416842
0.403406
0.418078
0.43239
0.454077
0.457709
0.449331
0.4178
0.396505
0.375652
0.365155
0.370438
0.367588
0.371084
0.370176
0.355897
0.362544
0.361963
0.35849
0.359976
0.359375
0.367152
0.359077
0.355215
0.361849
0.353059
0.365281
0.365405
0.368823
0.373614
0.377747
0.371719
0.368902
0.370418
0.365275
0.363111
0.364012
0.363574
0.370008
0.365845
0.372747
0.367569
0.363535
0.36557
0.362673
0.365693
0.367401
0.378617
0.384474
0.380006
0.402308
0.435658
0.461337
0.439601
0.401676
0.400266
0.401497
0.402479
0.42586
0.460139
0.473702
0.44092
0.408574
0.389152
0.373417
0.374162
0.371657
0.38189
0.397035
0.398844
0.405824
0.418183
0.447055
0.453602
0.438751
0.419759
0.42405
0.402987
0.404548
0.39719
0.385568
0.398655
0.412437
0.425816
0.426685
0.422114
0.395263
0.411454
0.376206
0.417866
0.429003
0.448859
0.457385
0.465741
0.455252
0.443813
0.441341
0.414418
0.459086
0.457219
0.443624
0.401681
0.36433
0.420621
0.416773
0.401153
0.379926
0.370827
0.385534
0.393253
0.388257
0.399451
0.382038
0.37831
0.379721
0.383024
0.390268
0.37455
0.380984
0.379504
0.386675
0.385007
0.385693
0.370282
0.367927
0.375021
0.369874
0.362492
0.362796
0.370073
0.358124
0.376859
0.350391
0.353002
0.348145
0.356477
0.366366
0.37558
0.365365
0.358304
0.363274
0.368939
0.378217
0.367154
0.374257
0.378199
0.410613
0.420122
0.405968
0.393657
0.397842
0.406886
0.42422
0.398128
0.39669
0.391119
0.387135
0.398905
0.41674
0.437048
0.418088
0.412765
0.407769
0.391346
0.383682
0.393364
0.375404
0.393865
0.446058
0.463573
0.433772
0.439008
0.441404
0.456651
0.455629
0.430932
0.469394
0.412319
0.395975
0.392944
0.412324
0.396743
0.388742
0.401544
0.4283
0.448449
0.401846
0.387697
0.388282
0.381532
0.404986
0.432462
0.44652
0.444659
0.412894
0.402456
0.39032
0.391804
0.401092
0.417948
0.420044
0.400021
0.454074
0.46172
0.418866
0.390898
0.404879
0.446058
0.417102
0.410049
0.429517
0.398214
0.37831
0.378039
0.375136
0.375431
0.376978
0.380871
0.387767
0.398627
0.412761
0.439086
0.422421
0.44033
0.465954
0.481149
0.423093
0.495423
0.507026
0.488266
0.497831
0.521792
0.469888
0.442528
0.446216
0.503659
0.504996
0.513169
0.511679
0.491719
0.467524
0.447749
0.457067
0.488376
0.50035
0.496912
0.525867
0.525346
0.518308
0.518014
0.477982
0.501646
0.502238
0.502964
0.458394
0.440576
0.453016
0.436648
0.466868
0.477399
0.490066
0.45287
0.430468
0.510393
0.484935
0.503455
0.507967
0.489501
0.511181
0.504908
0.495463
0.461173
0.458465
0.515776
0.493521
0.507003
0.484636
0.468806
0.461726
0.449239
0.460503
0.479143
0.465326
0.460015
0.462908
0.471686
0.485692
0.493076
0.483675
0.39885
0.39718
0.400534
0.404376
0.407272
0.406273
0.41576
0.415238
0.407457
0.392819
0.402567
0.414698
0.41886
0.440192
0.439299
0.43153
0.415591
0.417792
0.436762
0.417495
0.414813
0.419631
0.420036
0.448178
0.440318
0.426448
0.455363
0.440789
0.452191
0.459129
0.491988
0.481553
0.443552
0.461935
0.503551
0.474703
0.485429
0.49791
0.468757
0.448095
0.464653
0.484929
0.476782
0.500144
0.506067
0.464028
0.489111
0.489245
0.460617
0.440337
0.460516
0.465033
0.451556
0.401081
0.403396
0.411242
0.449321
0.436428
0.451049
0.476949
0.472132
0.483038
0.468069
0.446698
0.437507
0.427731
0.414962
0.410735
0.423784
0.417579
0.414228
0.40799
0.423184
0.446391
0.471204
0.450462
0.441987
0.427531
0.427122
0.45107
0.438643
0.476534
0.490253
0.478807
0.445639
0.46256
0.461955
0.438865
0.414661
0.421876
0.423924
0.443889
0.452171
0.434439
0.432352
0.44883
0.429102
0.396727
0.400817
0.410117
0.399201
0.410693
0.397929
0.399028
0.415657
0.448978
0.453554
0.468922
0.475929
0.499745
0.484597
0.485403
0.43731
0.388405
0.389777
0.405796
0.416346
0.440306
0.483913
0.428123
0.456323
0.45829
0.440202
0.446913
0.436721
0.458827
0.449748
0.437898
0.444036
0.437434
0.417759
0.440252
0.432895
0.416416
0.406522
0.406666
0.411006
0.391207
0.400672
0.399553
0.393175
0.3931
0.383308
0.381733
0.383612
0.37292
0.379918
0.393636
0.408363
0.438973
0.416175
0.418019
0.444476
0.465016
0.471525
0.444247
0.464585
0.476332
0.439874
0.464724
0.406104
0.447057
0.429441
0.465004
0.446507
0.444509
0.430064
0.457387
0.463208
0.457183
0.452171
0.434291
0.466176
0.481388
0.456049
0.465328
0.426123
0.40804
0.425027
0.407894
0.407896
0.369432
0.427609
0.435768
0.423241
0.447881
0.448489
0.432792
0.412967
0.395248
0.373238
0.374755
0.371681
0.37549
0.374113
0.374566
0.378317
0.38346
0.381146
0.395174
0.400009
0.396424
0.378781
0.374637
0.398271
0.427898
0.423368
0.423913
0.436411
0.414759
0.405257
0.397982
0.407349
0.411763
0.404675
0.403193
0.387229
0.376302
0.380485
0.369362
0.38285
0.407855
0.416719
0.401751
0.375598
0.3985
0.399177
0.409714
0.424607
0.391222
0.41016
0.39593
0.384854
0.374439
0.379328
0.398454
0.386598
0.381542
0.368881
0.368118
0.36059
0.364348
0.360722
0.360101
0.366939
0.366049
0.386791
0.381341
0.401996
0.431352
0.407498
0.397113
0.394867
0.406673
0.42832
0.411277
0.398579
0.389375
0.41286
0.399912
0.380959
0.383684
0.412382
0.386996
0.368722
0.365148
0.367086
0.368746
0.366352
0.361098
0.358656
0.363105
0.382367
0.402758
0.391151
0.379752
0.366299
0.362412
0.369072
0.378453
0.390656
0.396331
0.388329
0.381364
0.385444
0.377262
0.368769
0.37087
0.359529
0.352719
0.348066
0.366537
0.360109
0.354645
0.357202
0.361031
0.357741
0.358356
0.356237
0.373626
0.380416
0.386751
0.380449
0.373039
0.369336
0.364098
0.366579
0.364951
0.375418
0.392531
0.393416
0.398233
0.386069
0.378413
0.363319
0.368156
0.372447
0.368758
0.360536
0.367467
0.382495
0.386722
0.410279
0.414451
0.396842
0.395722
0.379169
0.364306
0.378387
0.39027
0.428287
0.415394
0.381369
0.3666
0.369317
0.367863
0.36507
0.365562
0.355043
0.366659
0.369765
0.353746
0.365162
0.362044
0.358152
0.363156
0.361863
0.36176
0.369971
0.362128
0.370018
0.374792
0.393024
0.414678
0.424013
0.405518
0.396845
0.402217
0.378131
0.370227
0.373294
0.388906
0.409804
0.435702
0.439179
0.398608
0.388294
0.389453
0.385223
0.384857
0.387043
0.435333
0.474204
0.4622
0.468658
0.46621
0.451554
0.467556
0.469826
0.449362
0.465852
0.474761
0.480728
0.469833
0.45034
0.448959
0.458729
0.474853
0.482937
0.452695
0.43564
0.468962
0.446931
0.460019
0.463148
0.461763
0.451888
0.454654
0.442536
0.425132
0.429474
0.448614
0.463327
0.427627
0.430354
0.44665
0.402876
0.399918
0.404962
0.418266
0.427332
0.451739
0.463485
0.460511
0.466535
0.461393
0.466246
0.475169
0.458786
0.467466
0.47778
0.444929
0.463532
0.458732
0.470005
0.454624
0.452833
0.420445
0.406479
0.428714
0.443916
0.41652
0.439144
0.393551
0.405707
0.415294
0.432244
0.442556
0.467622
0.454791
0.464715
0.453028
0.467265
0.470676
0.427753
0.463594
0.457761
0.435593
0.4287
0.460211
0.439842
0.411695
0.391346
0.377916
0.3726
0.392346
0.39465
0.395682
0.402853
0.385713
0.378009
0.369873
0.381751
0.366474
0.372768
0.366203
0.375774
0.359879
0.366839
0.38273
0.434262
0.395141
0.394137
0.40104
0.392581
0.389339
0.384829
0.381229
0.411865
0.493021
0.468956
0.473965
0.509214
0.485241
0.477514
0.510207
0.521011
0.516342
0.484126
0.484359
0.487169
0.468265
0.526018
0.518272
0.519698
0.483727
0.521132
0.489927
0.472454
0.479376
0.504481
0.491259
0.491973
0.463214
0.459653
0.440068
0.455896
0.491004
0.486085
0.490029
0.500393
0.481532
0.460474
0.450094
0.43283
0.409782
0.418568
0.450165
0.501854
0.474512
0.473556
0.508446
0.50683
0.480505
0.486262
0.486155
0.476888
0.42996
0.41863
0.452306
0.404245
0.386318
0.384641
0.382322
0.375682
0.363257
0.372032
0.371606
0.369704
0.377457
0.373814
0.379848
0.383241
0.388891
0.376221
0.375829
0.384199
0.379818
0.394314
0.413573
0.439031
0.437004
0.440448
0.429323
0.432148
0.442478
0.450798
0.399516
0.440461
0.459749
0.508583
0.500256
0.486237
0.485894
0.503116
0.471051
0.475926
0.4854
0.498462
0.498119
0.459502
0.471253
0.465616
0.470414
0.454752
0.461936
0.460337
0.465059
0.43826
0.420695
0.398793
0.370091
0.414165
0.415132
0.414228
0.404925
0.395453
0.388294
0.394949
0.404485
0.421841
0.413892
0.390151
0.387328
0.379275
0.386498
0.392676
0.391046
0.437545
0.516287
0.526461
0.516925
0.495938
0.48523
0.402724
0.394863
0.388917
0.386821
0.399155
0.398826
0.373196
0.364464
0.360409
0.358808
0.371127
0.35943
0.364419
0.365675
0.369966
0.362267
0.363522
0.376275
0.405596
0.418773
0.421367
0.411153
0.410175
0.416027
0.421214
0.409287
0.425138
0.413411
0.404038
0.414577
0.45381
0.438204
0.465191
0.454285
0.435076
0.428429
0.436642
0.451238
0.450365
0.428745
0.412423
0.41452
0.429722
0.440513
0.428414
0.402713
0.394991
0.408259
0.427828
0.450086
0.434612
0.429344
0.44527
0.449203
0.434298
0.433377
0.435047
0.449748
0.431555
0.444116
0.447383
0.434825
0.410278
0.412354
0.429341
0.436126
0.416531
0.409179
0.393881
0.382323
0.373472
0.365866
0.361522
0.365071
0.373064
0.386175
0.403383
0.439724
0.430388
0.418765
0.414107
0.426495
0.42751
0.437119
0.43922
0.430196
0.43386
0.435108
0.408384
0.400346
0.388039
0.378636
0.378272
0.383961
0.423042
0.474245
0.431208
0.464519
0.49085
0.468726
0.426522
0.44817
0.431283
0.430926
0.462838
0.463434
0.430262
0.470697
0.466497
0.462286
0.455171
0.4904
0.462406
0.467455
0.427564
0.434731
0.441225
0.424349
0.396206
0.380565
0.381221
0.382438
0.369256
0.374344
0.37412
0.367334
0.370569
0.374139
0.36348
0.369992
0.368844
0.363837
0.376785
0.383277
0.370021
0.370098
0.376657
0.390705
0.401204
0.403817
0.416448
0.418045
0.427613
0.422343
0.441225
0.444804
0.442963
0.42603
0.413551
0.421916
0.42309
0.418242
0.415185
0.403536
0.403466
0.41357
0.393593
0.398417
0.395474
0.405451
0.407179
0.414133
0.412364
0.401288
0.389927
0.40973
0.412267
0.441967
0.424684
0.405088
0.45326
0.455279
0.441552
0.452551
0.432113
0.423054
0.427368
0.420952
0.424192
0.417248
0.421858
0.403467
0.44243
0.427454
0.402845
0.392039
0.38154
0.391678
0.397659
0.390192
0.375364
0.375049
0.370625
0.364268
0.367341
0.358547
0.378738
0.363795
0.379286
0.378658
0.390991
0.393296
0.436067
0.425799
0.428799
0.410798
0.404015
0.385562
0.382743
0.390036
0.387197
0.39113
0.391934
0.406431
0.432495
0.43432
0.438127
0.451968
0.440769
0.40699
0.440792
0.463881
0.405566
0.385101
0.379981
0.382639
0.373406
0.374819
0.377285
0.376485
0.375987
0.381064
0.378923
0.377364
0.377235
0.380619
0.387241
0.399563
0.411928
0.395422
0.383082
0.375601
0.390159
0.424474
0.456315
0.430209
0.454084
0.400138
0.406424
0.413696
0.408179
0.445803
0.438003
0.432914
0.451774
0.451193
0.433031
0.436427
0.440825
0.508919
0.446024
0.444565
0.424434
0.400222
0.402412
0.41766
0.449269
0.493615
0.450408
0.465792
0.455035
0.4386
0.421045
0.418041
0.400683
0.40126
0.392398
0.387477
0.379489
0.379715
0.39832
0.414965
0.432845
0.425121
0.424795
0.411746
0.406791
0.413567
0.396186
0.380176
0.395987
0.441674
0.400675
0.39927
0.390374
0.397413
0.402662
0.424103
0.432154
0.418252
0.419564
0.434816
0.423237
0.395798
0.386084
0.367539
0.370984
0.370915
0.379164
0.406608
0.403498
0.40949
0.40448
0.385463
0.379586
0.376395
0.371966
0.370516
0.370391
0.386184
0.404993
0.412997
0.419535
0.435158
0.434228
0.408075
0.408579
0.405664
0.41371
0.424752
0.411028
0.404752
0.398441
0.388237
0.415863
0.440748
0.441427
0.419524
0.427656
0.415688
0.414619
0.42276
0.403462
0.404748
0.395179
0.394693
0.384539
0.382613
0.394485
0.399678
0.469948
0.499973
0.494719
0.471731
0.463705
0.466966
0.441586
0.409951
0.416179
0.444941
0.42474
0.421644
0.406876
0.418169
0.428726
0.438974
0.431742
0.455049
0.455407
0.447915
0.451855
0.439726
0.436815
0.422812
0.404312
0.441703
0.462591
0.426807
0.431015
0.436251
0.420968
0.413113
0.410701
0.420106
0.420748
0.421394
0.405873
0.395078
0.417575
0.397092
0.38463
0.367267
0.368388
0.374079
0.36992
0.384523
0.381367
0.403099
0.420886
0.428445
0.455297
0.455618
0.449222
0.464039
0.462345
0.452686
0.497136
0.48301
0.469588
0.460417
0.46782
0.457715
0.42421
0.471274
0.463915
0.444951
0.459696
0.425736
0.408275
0.426381
0.414635
0.388046
0.392828
0.440527
0.475757
0.485908
0.444134
0.454987
0.449815
0.442729
0.441295
0.437205
0.449215
0.472805
0.476638
0.447115
0.439433
0.428923
0.451152
0.44291
0.40041
0.443803
0.418195
0.402791
0.383484
0.377116
0.379592
0.37765
0.373427
0.365815
0.37297
0.362569
0.370676
0.361823
0.375719
0.382053
0.384223
0.376806
0.368073
0.374426
0.380263
0.393173
0.438642
0.466961
0.465954
0.510332
0.472037
0.468491
0.468465
0.489789
0.470583
0.509549
0.503167
0.492781
0.524286
0.504216
0.511365
0.495644
0.43734
0.39896
0.402868
0.412006
0.461016
0.469979
0.399451
0.401016
0.435702
0.49285
0.497563
0.475347
0.469494
0.406853
0.394945
0.416165
0.416133
0.394296
0.413053
0.389395
0.384916
0.367913
0.374788
0.391741
0.400203
0.40039
0.394617
0.392954
0.396027
0.407802
0.43779
0.418514
0.427149
0.392838
0.419928
0.42477
0.431487
0.4062
0.40086
0.400441
0.416226
0.411352
0.387929
0.376054
0.370706
0.36808
0.378557
0.385453
0.392198
0.405983
0.411103
0.418978
0.424665
0.397572
0.400562
0.403932
0.421348
0.428587
0.419545
0.4185
0.452477
0.453173
0.432834
0.434824
0.428338
0.454888
0.463749
0.425504
0.408682
0.40459
0.43529
0.430243
0.422086
0.427938
0.417532
0.375179
0.419544
0.425854
0.432855
0.434483
0.42617
0.422188
0.414534
0.420279
0.422279
0.400165
0.390047
0.404522
0.391284
0.390284
0.405283
0.421258
0.436732
0.422708
0.422013
0.403016
0.380953
0.38051
0.394748
0.407179
0.418896
0.415502
0.400519
0.380878
0.38733
0.404124
0.427068
0.414979
0.426077
0.416275
0.42804
0.429729
0.449277
0.44095
0.433488
0.432786
0.408337
0.401588
0.389945
0.375996
0.395806
0.45396
0.44948
0.43045
0.456051
0.444658
0.471026
0.470398
0.48068
0.46902
0.474005
0.408989
0.385926
0.442222
0.452084
0.446758
0.456534
0.47265
0.485416
0.48091
0.461123
0.466201
0.455958
0.45234
0.486152
0.479316
0.449525
0.480297
0.504276
0.446177
0.458197
0.449452
0.425614
0.404346
0.38762
0.388554
0.381807
0.380454
0.391146
0.402431
0.396216
0.374523
0.378496
0.377196
0.375388
0.384292
0.383457
0.391034
0.416628
0.44818
0.464979
0.459436
0.445637
0.440967
0.422342
0.404956
0.425184
0.45688
0.431527
0.475782
0.458844
0.467465
0.454371
0.462909
0.478598
0.458964
0.456644
0.412274
0.428352
0.458296
0.432046
0.459526
0.443969
0.450116
0.448027
0.420617
0.414061
0.412908
0.421535
0.422456
0.416631
0.408175
0.399599
0.402978
0.405174
0.40072
0.402283
0.400543
0.409866
0.40784
0.399023
0.397868
0.392574
0.407322
0.411491
0.460329
0.471944
0.454155
0.422242
0.418709
0.426899
0.410257
0.416027
0.384373
0.399229
0.394936
0.402559
0.409885
0.433769
0.458507
0.464285
0.488713
0.46084
0.448488
0.422456
0.400611
0.439327
0.397599
0.388762
0.394559
0.388066
0.38209
0.383226
0.380596
0.382094
0.383231
0.385232
0.392463
0.385523
0.387536
0.385231
0.40084
0.407135
0.381916
0.401669
0.386246
0.382094
0.389398
0.390754
0.402155
0.398698
0.408011
0.434221
0.405765
0.406673
0.375712
0.388812
0.370159
0.384233
0.384928
0.384159
0.372433
0.384865
0.395767
0.403755
0.388747
0.388785
0.39486
0.391248
0.39102
0.388813
0.392093
0.395515
0.389073
0.391867
0.397828
0.394447
0.390955
0.392711
0.392388
0.392579
0.399219
0.393307
0.396049
0.39621
0.397452
0.399641
0.40134
0.409171
0.405316
0.399095
0.405234
0.403118
0.407429
0.400915
0.400647
0.39389
0.397232
0.40201
0.399751
0.409038
0.417564
0.42151
0.435551
0.423586
0.433742
0.443691
0.41395
0.415464
0.397972
0.387288
0.373301
0.37416
0.374248
0.369805
0.361978
0.374219
0.377633
0.385968
0.387238
0.41993
0.385755
0.38203
0.362509
0.362245
0.365822
0.375182
0.368032
0.367062
0.368367
0.366579
0.368882
0.365714
0.365491
0.35745
0.377999
0.370109
0.371945
0.379849
0.390999
0.388582
0.441164
0.447212
0.425195
0.405493
0.395198
0.400012
0.388061
0.386952
0.394236
0.407246
0.404512
0.400103
0.401943
0.400065
0.424299
0.417136
0.394749
0.409894
0.416214
0.411642
0.440375
0.38745
0.383506
0.380874
0.3821
0.378349
0.383487
0.385525
0.392429
0.410422
0.417404
0.407534
0.41199
0.407277
0.404025
0.407296
0.406309
0.396642
0.387858
0.374804
0.377741
0.386557
0.391542
0.390756
0.390984
0.397035
0.41256
0.383691
0.378687
0.38422
0.382888
0.385633
0.377606
0.369675
0.364335
0.3713
0.367403
0.378715
0.367154
0.369922
0.379511
0.370919
0.369887
0.376597
0.366695
0.379716
0.374239
0.38237
0.374617
0.377969
0.375762
0.37549
0.388576
0.392352
0.38408
0.37562
0.372283
0.385984
0.393104
0.436834
0.403203
0.419707
0.413042
0.43176
0.408818
0.405892
0.381206
0.39793
0.447266
0.438488
0.473951
0.466197
0.428331
0.457014
0.425867
0.432922
0.401391
0.380616
0.416928
0.397985
0.397415
0.389623
0.395022
0.401767
0.414032
0.406438
0.377623
0.384322
0.390791
0.384848
0.367988
0.376498
0.379593
0.374876
0.385729
0.372667
0.375618
0.376496
0.376581
0.372666
0.37805
0.378787
0.362347
0.3561
0.376889
0.352043
0.34224
0.355637
0.366123
0.366279
0.377351
0.394913
0.391368
0.395516
0.388276
0.402606
0.375762
0.361724
0.350377
0.351576
0.347772
0.36488
0.37391
0.373756
0.376823
0.376213
0.37047
0.374098
0.375611
0.375318
0.37124
0.372516
0.393352
0.379269
0.388328
0.389188
0.368072
0.379097
0.393801
0.404173
0.379023
0.418371
0.425661
0.418777
0.415011
0.410157
0.395038
0.399996
0.396942
0.414744
0.38209
0.38044
0.384783
0.383372
0.379702
0.385592
0.376318
0.378976
0.390683
0.437249
0.475605
0.484884
0.422296
0.387442
0.394675
0.418365
0.41562
0.400641
0.45716
0.423599
0.449817
0.443973
0.406965
0.428251
0.432456
0.409748
0.422212
0.422976
0.398867
0.385494
0.390967
0.401037
0.397728
0.399718
0.405675
0.413391
0.405846
0.386418
0.376062
0.37713
0.370522
0.3693
0.380709
0.385949
0.378795
0.372362
0.386505
0.375766
0.373679
0.372851
0.370558
0.358971
0.380175
0.365359
0.370806
0.361493
0.375906
0.37954
0.380847
0.372457
0.361014
0.354815
0.380154
0.380935
0.362962
0.377192
0.374016
0.372039
0.373048
0.366911
0.367055
0.371742
0.368046
0.369006
0.360971
0.368224
0.359706
0.362307
0.374453
0.367402
0.363971
0.369406
0.370323
0.370424
0.360123
0.341701
0.358094
0.379073
0.379435
0.373349
0.370011
0.377593
0.373867
0.372154
0.386558
0.387934
0.393339
0.382903
0.382058
0.389353
0.375056
0.394044
0.387762
0.386113
0.352715
0.385721
0.374333
0.378051
0.372828
0.363631
0.369126
0.374053
0.371614
0.381275
0.380533
0.34809
0.352884
0.376072
0.39053
0.372316
0.371254
0.375091
0.369092
0.368276
0.363167
0.371416
0.365375
0.378621
0.376961
0.397703
0.406158
0.422003
0.428879
0.40375
0.414536
0.398252
0.41649
0.404492
0.406448
0.408438
0.411124
0.413098
0.397751
0.382331
0.371819
0.37185
0.373899
0.373155
0.375446
0.392296
0.39839
0.397256
0.388432
0.422636
0.434054
0.418372
0.411449
0.378386
0.380121
0.390718
0.398536
0.422253
0.409542
0.411259
0.395896
0.386203
0.400296
0.401838
0.396636
0.38435
0.380925
0.400114
0.382016
0.376392
0.362178
0.366735
0.365266
0.361765
0.387077
0.387441
0.404649
0.409481
0.403327
0.410092
0.40734
0.405262
0.408078
0.409221
0.409855
0.410312
0.414937
0.425638
0.396223
0.39577
0.388119
0.422144
0.426758
0.410226
0.418438
0.395777
0.391813
0.393189
0.405728
0.391643
0.388451
0.399186
0.407655
0.385095
0.376989
0.374816
0.367691
0.374541
0.37705
0.382992
0.411128
0.411164
0.352161
0.380279
0.378157
0.394283
0.402434
0.400127
0.415619
0.41425
0.409353
0.403408
0.405863
0.403967
0.389719
0.398021
0.407265
0.412692
0.40638
0.416234
0.425031
0.41298
0.40313
0.405539
0.417352
0.403593
0.405825
0.39291
0.38561
0.374822
0.38391
0.393521
0.413749
0.419071
0.403341
0.405528
0.413442
0.392128
0.385758
0.39072
0.3962
0.404643
0.386348
0.378686
0.383809
0.378532
0.455992
0.39075
0.402154
0.378085
0.382435
0.389232
0.390917
0.397771
0.396443
0.392139
0.400211
0.356741
0.395597
0.401303
0.381284
0.382192
0.393786
0.387585
0.386873
0.38368
0.396183
0.385252
0.378562
0.392178
0.384405
0.384139
0.398216
0.386006
0.385106
0.38672
0.386533
0.387955
0.377782
0.387498
0.382508
0.390433
0.389645
0.387636
0.383482
0.392632
0.387572
0.382935
0.378002
0.377773
0.392085
0.389094
0.391532
0.38806
0.383564
0.389119
0.385707
0.389544
0.388309
0.389345
0.38279
0.387804
0.390157
0.386876
0.383206
0.381772
0.372235
0.387738
0.389854
0.391006
0.390697
0.384515
0.388144
0.383631
0.389791
0.387321
0.381852
0.39689
0.390801
0.38963
0.390171
0.389454
0.398411
0.389427
0.38911
0.389835
0.386803
0.390447
0.390403
0.388679
0.391012
0.388679
0.39051
0.389035
0.390659
0.388941
0.390288
0.389142
0.390367
0.389402
0.389975
0.389505
0.391969
0.388252
0.388004
0.391689
0.388037
0.391023
0.379951
0.390147
0.388676
0.391128
0.387697
0.389856
0.390019
0.399302
0.383601
0.392349
0.398565
0.38861
0.388897
0.390771
0.393556
0.383926
0.392547
0.396313
0.387124
0.386713
0.393455
0.387014
0.383737
0.396116
0.386789
0.384247
0.395603
0.383458
0.39579
0.393339
0.384582
0.38788
0.395001
0.385205
0.386942
0.389091
0.386319
0.388754
0.380982
0.387932
0.387247
0.387063
0.392263
0.386053
0.386409
0.396782
0.389058
0.396426
0.380757
0.380241
0.389484
0.389765
0.395164
0.393608
0.381916
0.385504
0.393176
0.390721
0.380355
0.382214
0.386938
0.381082
0.389496
0.392601
0.396262
0.386758
0.388567
0.383036
0.39426
0.390658
0.389738
0.390552
0.388199
0.390793
0.391802
0.377475
0.395825
0.383183
0.39735
0.380897
0.396039
0.382754
0.395972
0.394343
0.382663
0.396638
0.380322
0.388014
0.393037
0.3863
0.389418
0.387591
0.386153
0.388439
0.391322
0.386536
0.39256
0.386252
0.392219
0.387647
0.387185
0.391505
0.38701
0.394026
0.388095
0.389901
0.38907
0.393733
0.383466
0.393497
0.396653
0.387921
0.393188
0.391651
0.388266
0.390993
0.385045
0.393682
0.38846
0.393167
0.384849
0.398703
0.378344
0.394864
0.383682
0.397395
0.381017
0.395919
0.393012
0.390609
0.388853
0.386352
0.395103
0.381195
0.387688
0.395645
0.38359
0.390873
0.39063
0.387206
0.39123
0.388987
0.389653
0.390329
0.385193
0.391378
0.387305
0.392529
0.390368
0.395114
0.384445
0.39117
0.386985
0.385941
0.391997
0.387889
0.390617
0.386989
0.393722
0.388914
0.386703
0.394436
0.391751
0.376719
0.386689
0.386475
0.39215
0.382792
0.386451
0.393779
0.393999
0.38209
0.39518
0.3844
0.395117
0.383791
0.395632
0.385143
0.396269
0.380118
0.393298
0.393223
0.39202
0.387346
0.391564
0.388726
0.385736
0.385346
0.395624
0.383361
0.384656
0.398663
0.381972
0.38369
0.395412
0.385322
0.395611
0.382909
0.386708
0.394251
0.383321
0.384319
0.39448
0.383134
0.392642
0.375529
0.393081
0.386612
0.390277
0.39176
0.380051
0.385592
0.393021
0.38744
0.391481
0.390085
0.391618
0.388133
0.390794
0.391086
0.389912
0.392598
0.392907
0.391158
0.387292
0.395377
0.383791
0.380281
0.381821
0.381726
0.391371
0.431117
